version: 1
creator: callgrind-3.11.0
pid: 21659
cmd:  ./cgp3d.x
part: 1


desc: I1 cache: 
desc: D1 cache: 
desc: LL cache: 

desc: Timerange: Basic block 0 - 1934870345
desc: Trigger: Program termination

positions: line
events: Ir
summary: 14311416732


ob=(1) /lib/x86_64-linux-gnu/ld-2.23.so
fl=(30) /build/glibc-bfm8X4/glibc-2.23/elf/dl-debug.c
fn=(92) _dl_debug_state
74 2

fn=(88) _dl_debug_initialize
50 14
+5 12
+5 2
-1 1
+1 2
+1 2
-1 1
+4 1
-13 7
+4 14
+4 1
-1 1
-58 7

fl=(27) /build/glibc-bfm8X4/glibc-2.23/string/../sysdeps/x86_64/multiarch/../memset.S
fn=(74) memset
53 22
+1 22
+1 22
+1 22
+1 22
+2 22
+1 22
+1 18
+1 18
+15 4
+1 4
+1 4
+1 4
+1 4
+1 4
+1 4
+1 4
+1 4
+1 4
+1 4
+1 4
+1 4
+1 8
+3 4
+1 4
+1 4
+1 4
+1 4
+1 4
+1 4
-6 122
+1 122
+1 122
+1 122
+1 122
+1 122
+1 122
+1 4
+3 18
+1 18
+1 18
+1 6
+1 6
+1 2
+1 2
+3 2
+1 2
+1 2
+1 2
+2 4
+1 4
+1 4
+2 12
+1 12
+1 12

fl=(15) /build/glibc-bfm8X4/glibc-2.23/elf/dl-object.c
fn=(32) _dl_new_object
61 84
+1 6
cfi=(11) /build/glibc-bfm8X4/glibc-2.23/string/../sysdeps/x86_64/strlen.S
cfn=(22) strlen
calls=6 +4 
* 114
+6 6
-6 12
+6 12
+7 24
cfi=(17) /build/glibc-bfm8X4/glibc-2.23/elf/dl-minimal.c
cfn=(36) calloc
calls=6 +28 
* 285
* 6
+3 6
-3 6
+3 6
+4 6
+5 12
-6 6
+6 6
-5 6
+3 12
+2 6
cfi=(18) /build/glibc-bfm8X4/glibc-2.23/string/../sysdeps/x86_64/multiarch/../memcpy.S
cfn=(46) memcpy
calls=6 -26 
* 161
+10 6
-10 6
+10 6
-8 6
+9 12
-1 18
+1 18
+3 6
-4 6
+1 6
+3 6
+9 6
-7 6
+4 6
+3 12
+2 2
-2 2
+2 30
-2 30
+12 6
+6 6
-5 6
-1 6
+6 30
+2 5
+3 5
-3 5
+3 5
-3 11
+7 18
+4 10
+2 5
+6 1
+6 1
-3 2
+3 7
-3 10
+3 10
+2 15
cfi=(11)
cfn=(22)
calls=5 -91 
* 170
+4 5
-4 20
+4 15
+64 10
+4 48
68 60
+34 17
+39 20
+70 15
cfi=(25) /build/glibc-bfm8X4/glibc-2.23/string/../sysdeps/x86_64/memcpy.S
cfn=(70) mempcpy
calls=5 61 
* 181
* 82
+6 77
-1 77
+1 82
-1 5
+1 15
+5 10
-89 2
+32 10
cfi=(17)
cfn=(40) malloc
calls=5 -71 
* 145
* 5
+1 5
-1 5
+1 15
+2 1
-35 2

fn=(48) _dl_add_to_namespace_list
32 30
+2 12
cfi=(2) /build/glibc-bfm8X4/glibc-2.23/elf/rtld.c
cfn=(50) rtld_lock_default_lock_recursive
calls=6 704 
* 12
+2 6
-2 6
+2 46
+3 60
+2 5
+2 5
+4 5
+4 5
-4 10
+1 5
+4 10
-4 5
+1 5
+3 5
-3 5
+2 5
cfi=(2)
cfn=(52) rtld_lock_default_unlock_recursive
calls=5 710 
* 10
-4 1
+4 1
-4 2
+1 1
+4 2
-4 1
+1 1
+3 1
-3 1
+2 1
cfi=(2)
cfn=(52)
calls=1 710 
* 2
-5 2

fl=(1) ???
fn=(0) 0x0000000000000c30
0 2
cfi=(2)
cfn=(2) _dl_start
calls=1 353 
0 168418
0 14
cfi=(67) /build/glibc-bfm8X4/glibc-2.23/elf/dl-init.c
cfn=(244) _dl_init
calls=1 80 
0 6748
0 3
cob=(8) /scratch/nas/1/sca24/SCA-1/seq/cgp3d.x
cfi=(91) ???
cfn=(362) _start
calls=1 0 
0 14311241547

fl=(17)
fn=(36)
103 14
+8 42
-4 14
+4 28
+3 14
cfn=(40)
calls=14 -20 
* 514
* 14

fn=(86) free
120 1
+2 3
+7 2

fn=(40)
94 36
+1 72
cfn=(44) __libc_memalign
calls=36 -43 
* 1059
* 36

fn=(80) strsep
354 4
+2 2
+1 4
+4 33
+7 84
-2 56
+13 1
+4 2
-7 14
-15 44

fn=(44)
52 111
+1 147
+11 108
+3 36
-3 36
+3 72
-3 3
+3 1
-3 1
+3 134
+4 16
+1 8
+6 32
cfi=(26) /build/glibc-bfm8X4/glibc-2.23/misc/../sysdeps/unix/sysv/linux/wordsize-64/mmap.c
cfn=(72) mmap
calls=4 -45 
* 132
+2 20
+4 12
+3 4
+1 4
+2 20
-3 33
+1 33
+2 165
-31 2
-1 5

fl=(7) /build/glibc-bfm8X4/glibc-2.23/elf/../elf/dl-sysdep.c
fn=(236) _dl_sysdep_start_cleanup
256 1

fn=(12) _dl_sysdep_start
86 8
+25 1
-1 1
+1 105
+6 1
-3 1
+1 1
-4 1
+3 1
+3 4
+1 2
-1 25
+1 105
-1 102
+62 1
+1 1
-1 1
+1 1
-29 1
+1 2
+11 1
+1 1
-1 1
+1 1
-7 1
+1 1
-1 1
+1 1
-4 1
+1 2
-25 1
+1 2
-4 1
+1 2
-7 1
+1 1
+2 1
+1 1
fi=(9) /build/glibc-bfm8X4/glibc-2.23/elf/../sysdeps/unix/sysv/linux/dl-sysdep.c
-90 2
cfi=(10) /build/glibc-bfm8X4/glibc-2.23/elf/../sysdeps/unix/sysv/linux/x86_64/brk.c
cfn=(18) brk
calls=1 -4 
* 11
fi=(5) /build/glibc-bfm8X4/glibc-2.23/elf/../sysdeps/x86_64/dl-machine.h
223 5
fi=(8) /build/glibc-bfm8X4/glibc-2.23/elf/../sysdeps/x86/cpu-features.c
61 2
+3 1
-3 1
+3 9
175 3
+1 1
+3 2
+1 1
+2 2
+1 7
+7 3
+57 2
fe=(7)
-16 1
fi=(8)
+27 1
+1 1
+1 1
fe=(7)
-29 1
+1 1
cfi=(11)
cfn=(22)
calls=1 66 
* 32
* 1
+2 2
cfi=(12) /build/glibc-bfm8X4/glibc-2.23/elf/../misc/sbrk.c
cfn=(24) sbrk
calls=1 34 
* 17
* 3
+12 3
+3 5
cfi=(2)
cfn=(26) dl_main
calls=1 790 
* 167199
+1 1
+1 8
fi=(8)
-4 2
+1 4
+1 4
29 2
+4 1
-4 1
+5 1
-1 1
+2 1
-1 1
+1 1
-2 1
+1 1
+1 1
+1 1
-7 2
+3 1
+4 1
+5 1
+32 2
-32 1
+27 1
+5 1
+3 1
+1 8
+57 2
-66 2
250 2
+1 7
fe=(7)

fl=(25)
fn=(70)
61 29
+4 29
+3 27
+1 27
+2 12
+1 12
+2 12
+1 12
+5 12
+1 12
-1 15
+1 15
+2 16
+1 16
+2 16
+1 16
+5 16
+1 16
-1 11
+1 11
+2 9
+1 9
+2 9
+1 9
+5 9
+1 9
-1 18
+1 18
+2 12
+1 12
+2 12
+1 24
+5 12
+1 12
-1 15
+1 18
+5 3
+1 3
+1 3
+1 3
+2 3
+2 3
+1 3
+2 3
+6 27
+4 27
+12 5
+2 5
+1 5
+26 5
+1 5
+3 5
+1 5
+1 5
+5 5
+2 5
+1 5
+1 5
+1 5
+2 5
+1 5
+1 5
+1 5
+2 5
+1 5
+2 5
+22 5
+2 5
+2 2
+7 2

fl=(18)
fn=(46)
61 31
+2 31
+2 31
+3 29
+1 29
+2 8
+1 8
+2 8
+1 8
+5 8
+1 8
-1 21
+1 21
+2 9
+1 9
+2 9
+1 18
+5 9
+1 9
-1 20
+1 20
+2 6
+1 6
+2 6
+1 6
+5 6
+1 6
-1 23
+1 23
+2 20
+1 20
+2 20
+1 20
+5 20
+1 20
-1 9
+1 24
+5 15
+1 15
+1 15
+1 15
+2 15
+2 15
+1 15
+2 15
+8 29
+8 12
+6 12
+2 12
+1 12
+3 5
+1 15
+5 5
+1 5
+2 5
+2 5
+1 5
+2 5
-8 12
+1 12
+2 12
+2 12
+1 12
+2 22
+9 5
+1 5
-1 7
+1 7
+3 12
+1 12
+1 12
+5 9
+2 9
+1 9
+1 9
+1 9
+2 9
+1 9
+1 9
+1 9
+2 9
+1 9
+2 9
+22 12
+6 12
+1 12
+2 2

fl=(14) /build/glibc-bfm8X4/glibc-2.23/string/../sysdeps/x86_64/multiarch/../memcmp.S
fn=(30) bcmp
24 26
+1 26
+1 26
+1 26
+1 26
+1 26
+1 26
+1 26
+3 26
+1 26
+1 8
+1 8
+1 8
+1 8
+1 8
+1 8
+1 8
+2 25
+1 25
+1 7
+1 7
+1 7
+1 7
+1 7
+1 7
+1 7
+2 25
+1 25
+1 8
+1 8
+1 8
+1 8
+1 2
+1 2
+1 2
+2 19
+1 19
+1 9
+1 9
+1 9
+1 9
+5 10
+1 10
+1 10
+1 10
+1 10
+1 10
+1 10
+1 5
+1 5
+1 5
+1 5
+1 5
+7 5
+2 6
+4 15
+1 15
+1 2
+1 2
+1 2
+1 2
+1 2
+1 2
+1 2
+1 2
+1 2
+1 2
+1 2
+4 18
+1 18

fl=(45) /build/glibc-bfm8X4/glibc-2.23/string/wordcopy.c
fn=(152) _wordcopy_fwd_aligned
38 24
+80 4
+4 4
-3 4
+6 8
-84 4
+3 12
+1 4
+85 8

fl=(41) /build/glibc-bfm8X4/glibc-2.23/elf/dl-deps.c
fn=(136) openaux
60 20
+7 10
-4 110
cfi=(22) /build/glibc-bfm8X4/glibc-2.23/elf/dl-load.c
cfn=(106) _dl_map_object
calls=10 2167 
* 22927
* 10
+5 20

fn=(134) _dl_map_object_deps
161 1
-1 1
+1 1
-1 4
+1 1
-1 2
+1 1
-1 2
+1 1
-1 2
+1 3
-15 1
+15 1
-17 1
+1 1
+1 1
+6 4
+26 1
-26 1
+26 7
-34 1
+2 1
+33 2
-33 1
-2 1
+2 2
-2 1
+1 1
+1 1
+6 3
+26 1
-26 1
+26 5
+4 1
+21 1
+1 1
-22 2
+19 1
-12 1
+15 1
-16 2
+13 1
317 9
217 1
-4 1
-4 1
+8 7
-4 6
-4 6
+8 6
+12 14
+2 5
+11 5
-5 5
-6 10
+5 5
+2 10
+1 10
+3 35
+50 30
+1 21
-51 556
+1 278
+6 50
cfi=(28) /build/glibc-bfm8X4/glibc-2.23/string/../sysdeps/x86_64/multiarch/../strchr.S
cfn=(76) index
calls=10 24 
* 302
* 20
+5 50
-3 10
+3 10
cfi=(33) /build/glibc-bfm8X4/glibc-2.23/elf/dl-error.c
cfn=(98) _dl_catch_error
calls=10 -91 
* 23717
+2 30
+15 10
+2 20
+5 5
+6 5
+2 5
-8 10
+3 5
+1 5
+1 5
+1 5
+4 30
+7 387
459 21
+2 15
+2 15
cfi=(17)
cfn=(40)
calls=5 94 
* 145
* 5
+2 5
-2 5
+2 5
+4 20
-1 5
+1 5
cfi=(18)
cfn=(46)
calls=5 61 
* 122
+1 25
cfi=(18)
cfn=(46)
calls=5 61 
* 122
+4 5
-1 5
+5 40
+7 6
+1 1
+3 5
+10 4
cfi=(17)
cfn=(40)
calls=1 94 
* 29
* 1
+3 1
-3 1
+3 1
+5 6
+1 1
-1 3
+1 2
+8 2
+4 3
-4 1
-6 3
-2 6
+8 12
+4 18
-4 6
-6 18
+13 3
+51 3
+2 3
+42 1
-4 1
+5 2
-1 4
+1 2
cfi=(27)
cfn=(74)
calls=1 53 
* 15
* 1
-2 9
+7 1
-1 1
+1 1
-1 2
+7 1
-7 1
+7 2
-13 7
+7 7
-1 7
+1 7
-1 14
+7 7
-7 7
+7 21
+2 28
+1 14
-1 40
+1 32
+2 120
+1 90
+4 20
cfi=(44) /build/glibc-bfm8X4/glibc-2.23/string/../string/memmove.c
cfn=(150) memmove
calls=2 45 
* 130
+4 6
-2 2
+2 12
+20 45
cfi=(27)
cfn=(74)
calls=5 53 
* 84
* 25
-6 15
-28 30
+31 22
-10 14
cfi=(44)
cfn=(150)
calls=2 45 
* 92
+2 6
+2 4
-2 2
+2 4
+16 2
+2 1
+1 1
-1 1
+2 3
+7 3
+3 3
+3 8
481 18
-1 7
+1 15
202 2
+27 8
-19 4
+8 46
+2 5
+2 20
+2 45
338 12
611 8
cfi=(18)
cfn=(46)
calls=1 61 
* 51
+2 1
-38 1
+38 1
209 2

fl=(23) /build/glibc-bfm8X4/glibc-2.23/elf/dl-hwcaps.c
fn=(66) _dl_important_hwcaps
39 6
+3 1
-3 2
+3 1
-1 1
+1 1
+9 1
-12 4
+12 2
+10 4
162 2
-47 3
cfi=(24) /build/glibc-bfm8X4/glibc-2.23/io/../sysdeps/unix/syscall-template.S
cfn=(68) access
calls=1 -31 
* 9
* 2
+55 3
+2 2
+1 5
+4 2
+4 1
-4 1
+1 1
+3 1
+3 1
+1 1
-1 1
+4 3
+1 1
-1 9
+1 1
+18 10
+1 2
-1 1
+1 3
cfi=(17)
cfn=(40)
calls=1 94 
* 29
* 1
+1 1
-1 1
+1 5
+29 1
+3 1
-3 2
+3 1
+23 7
+6 2
-1 2
+1 6
-1 8
+5 6
+3 1
-3 1
+3 1
-3 3
+3 1
-3 1
+3 5
+1 12
+1 4
-1 4
+1 8
-2 4
+1 8
-1 14
+4 4
+4 1
-1 1
+2 1
-2 1
+1 1
+1 1
-2 1
+2 10
+13 2
+1 1
-1 1
+3 2
-3 2
+1 1
-1 1
+3 2
+3 4
+3 1
-1 1
+1 9
113 1
+17 1
+1 1
-1 9
243 6
cfi=(25)
cfn=(70)
calls=1 61 
* 22
* 4
cfi=(25)
cfn=(70)
calls=1 61 
* 18
+1 4
cfi=(25)
cfn=(70)
calls=1 61 
* 22
* 4
cfi=(25)
cfn=(70)
calls=1 61 
* 18
* 12

fl=(19) /build/glibc-bfm8X4/glibc-2.23/string/../sysdeps/x86_64/multiarch/../strcmp.S
fn=(54) strcmp
144 747
+1 747
+2 747
+1 747
+21 747
+1 747
+1 551
+1 551
+1 516
+1 516
+1 516
+1 516
+21 516
+1 516
+1 516
+1 516
+1 516
+1 516
+1 516
+5 11
+1 11
+9 11
+1 11
+1 11
+1 11
+1 11
+1 11
+1 11
+1 11
-7 231
+1 231
+1 231
+1 231
+1 231
+1 231
+1 231
+1 231
+1 240
+1 83
+1 83
+1 83
+2 83
+1 83
+1 83
+1 83
+1 83
+1 83
-5 157
+1 157
+1 157
+1 157
+1 157
+1 157
+10 2
+1 2
+1 2
+2 2
+6 2
+1 2
+1 2
+1 2
+1 2
+5 2
+2 1
+1 1
+1 2
+8 1
+1 1
+3 1
+1 1
+1 1
+1 1
+1 1
+1 1
571 1
+1 1
+1 1
+1 1
+1 1
+2 1
+1 1
+1 1
+1 1
+1 1
+1 1
+1 1
+1 1
+4 1
+1 1
+1 1
+6 1
+1 1
+1 2
+4 1
+1 1
+3 1
+1 1
+1 1
+3 1
+1 1
+1 1
+6 1
+1 1
+1 1
+1 1
+1 1
+1 1
+72 2
+1 2
+1 2
+1 2
+1 2
+2 2
+1 2
+1 2
+1 2
+1 2
+1 2
+1 2
+1 1
+4 1
+1 1
+1 1
+6 1
+1 1
+1 2
+4 1
+1 1
+3 1
+1 1
+1 1
+3 1
+1 1
+1 1
+6 1
+1 1
+1 1
+1 1
+1 1
+1 1
+72 4
+1 4
+1 4
+1 4
+1 4
+2 4
+1 4
+1 4
+1 4
+1 4
+1 4
+1 4
+1 4
+4 4
+1 4
+1 4
+6 4
+1 4
+1 8
+4 4
+1 4
+3 4
+1 4
+1 4
+3 4
+1 4
+1 4
+6 4
+1 4
+1 4
+1 4
+1 4
+1 4
1071 2
+1 2
+1 2
+1 2
+1 2
+2 2
+1 2
+1 2
+1 2
+1 2
+1 2
+1 2
+1 2
+4 2
+1 2
+1 2
+6 2
+1 2
+1 4
+4 2
+1 2
+3 2
+1 2
+1 2
+3 2
+1 2
+1 2
+6 2
+1 2
+1 2
+1 2
+1 2
+1 2
+72 6
+1 6
+1 6
+1 6
+1 6
+2 6
+1 6
+1 6
+1 6
+1 6
+1 6
+1 6
+1 2
+4 2
+1 2
+1 2
+6 2
+1 2
+1 4
+4 2
+1 2
+3 2
+1 2
+1 2
+3 2
+1 2
+1 2
+6 2
+1 2
+1 2
+1 2
+1 2
+1 2
+72 53
+1 53
+1 53
+1 53
+1 53
+2 53
+1 53
+1 53
+1 53
+1 53
+1 53
+1 53
+1 8
+4 8
+1 8
+1 8
+6 8
+1 8
+1 16
+4 8
+1 8
+3 8
+1 8
+1 8
+3 8
+1 8
+1 8
+6 8
+1 8
+1 8
+1 8
+1 8
+1 8
+72 36
+1 36
+1 36
+1 36
+1 36
+2 36
+1 36
+1 36
+1 36
+1 36
+1 36
+1 36
+1 1
+4 1
+1 1
+1 1
+6 1
+1 1
+1 2
+4 1
+1 1
+3 1
+1 1
+1 1
+3 1
+1 1
+1 1
+6 1
+1 1
+1 1
+1 1
+1 1
+1 1
+72 15
+1 15
+1 15
+1 15
+1 15
+2 15
+1 15
+1 15
+1 15
+1 15
+1 15
+1 15
+1 14
+4 14
+1 14
+1 14
+6 14
+1 14
+1 28
+4 14
+1 14
+3 14
+1 14
+1 14
+3 14
+1 14
+1 14
+6 14
+1 14
+1 14
+1 14
+1 14
+1 14
+72 17
+1 17
+1 17
+1 17
+1 17
+2 17
+1 17
+1 17
+1 17
+1 17
+1 17
+1 17
+1 6
+4 6
+1 6
+1 6
+6 6
+1 6
+1 12
+4 6
+1 6
+3 6
+1 6
+1 6
+3 6
+1 6
+1 6
+6 6
+1 6
+1 6
+1 6
+1 6
+1 6
+72 43
+1 43
+1 43
+1 43
+1 43
+2 43
+1 43
+1 43
+1 43
+1 43
+1 43
+1 43
+1 8
+4 8
+1 8
+1 8
+6 8
+1 8
+1 16
+4 8
+1 8
+3 8
+1 8
+1 8
+3 8
+1 8
+1 8
+6 8
+1 8
+1 8
+1 8
+1 8
+1 8
+7 1
+1 1
+2 1
+1 1
+2 1
+1 1
+1 1
+3 1
+1 1
+1 1
+6 1
+1 1
+1 1
+1 1
+1 1
+1 1
+41 5
+1 5
+1 5
+1 5
+1 5
+2 5
+1 5
+1 5
+1 5
+1 5
+1 5
+1 5
+1 3
+4 3
+1 3
+1 3
+6 3
+1 3
+1 6
+4 3
+1 3
+3 3
+1 3
+1 3
+3 3
+1 3
+1 3
+6 3
+1 3
+1 3
+1 3
+1 3
+1 3
+72 56
+1 56
+1 56
+1 56
+1 56
+2 56
+1 56
+1 56
+1 56
+1 56
+1 56
+1 56
+2 8
+4 8
+1 8
+1 8
+6 8
+1 8
+2 16
+4 8
+1 8
+3 8
+1 8
+1 8
+3 8
+1 8
+1 8
+6 8
+1 8
+1 8
+1 8
+1 8
+1 8
+74 59
+2 59
+1 59
+1 59
+1 59
-3 183
+1 183
+1 183
+1 183
+1 249
+5 83
+6 83
+1 83
+8 83
+1 83
-16 664
+6 664
+1 664
+8 664
+1 664

fl=(43) /build/glibc-bfm8X4/glibc-2.23/elf/dl-cache.c
fn=(142) _dl_load_cache_lookup
185 36
+8 8
+3 12
+45 12
+6 8
+9 4
+6 8
-6 16
+6 4
cfi=(24)
cfn=(68)
calls=4 84 
* 36
+19 4
-19 4
+19 516
cfn=(146) _dl_cache_libcmp
calls=32 138 
* 2408
* 144
-15 16
+15 78
cfn=(146)
calls=3 138 
* 384
* 20
cfn=(146)
calls=4 138 
* 528
* 34
-82 4
cfi=(35) /build/glibc-bfm8X4/glibc-2.23/elf/dl-misc.c
cfn=(144) _dl_sysdep_read_whole_file
calls=1 45 
* 94
+8 1
-8 1
+8 4
+1 4
cfi=(14)
cfn=(30)
calls=1 24 
* 38
* 2
+7 1
-3 1
+3 3
+3 1
+1 2
-1 1
+1 1
+1 4
cfi=(14)
cfn=(30)
calls=1 24 
* 32
* 2
+61 52
cfn=(146)
calls=2 138 
* 288
* 94
+16 8
+4 8
+8 12
cfi=(11)
cfn=(22)
calls=4 66 
* 136
* 8
+1 4
-1 16
+1 8
cfi=(18)
cfn=(46)
calls=4 61 
* 287
+1 8
cfi=(29) /build/glibc-bfm8X4/glibc-2.23/string/strdup.c
cfn=(82) strdup
calls=4 40 
* 469
+1 32
-31 36

fn=(238) _dl_unload_cache
322 4
-1 1
+3 2
cfi=(39) /build/glibc-bfm8X4/glibc-2.23/misc/../sysdeps/unix/syscall-template.S
cfn=(240) munmap
calls=1 84 
* 5
+1 1
+2 2

fn=(146)
138 123
+1 100
+2 488
+2 244
-2 244
+2 18
+6 9
+2 9
-1 9
-1 9
+1 9
+1 36
+2 45
+2 18
+6 470
+2 874
+4 203
+1 203
-29 406
+32 27
-9 1
+10 1
-8 62

fl=(107) /build/glibc-bfm8X4/glibc-2.23/elf/dl-open.c
fn=(436) _dl_find_dso_for_object
182 5
+1 4
+1 20
+1 2
+3 2
+4 1
-9 12

fl=(151) /build/glibc-bfm8X4/glibc-2.23/elf/dl-fini.c
fn=(596) _dl_fini
130 8
+17 1
+3 15
+3 2
cob=(5) /lib/x86_64-linux-gnu/libpthread-2.23.so
cfi=(106) /build/glibc-bfm8X4/glibc-2.23/nptl/../nptl/pthread_mutex_lock.c
cfn=(428) pthread_mutex_lock
calls=1 -89 
* 36
+2 1
+3 2
+2 6
+8 1
-3 1
+3 8
+7 14
+2 14
+2 7
+1 7
+5 7
-6 7
-6 7
+8 7
-8 15
+14 9
+1 2
+4 1
31 1
+2 1
192 1
33 1
+6 1
-1 1
+2 1
-2 2
+1 8
+1 1
cfi=(27)
cfn=(74)
calls=1 +13 
* 15
* 1
+77 30
+3 40
cfi=(27)
cfn=(74)
calls=5 -67 
* 84
* 16
-76 24
+1 24
+4 32
+6 16
+1 16
+2 85
+1 46
+2 120
+1 90
+5 20
cfi=(44)
cfn=(150)
calls=2 -22 
* 130
+12 4
-10 2
+10 8
-10 2
+10 6
201 3
cob=(5)
cfi=(108) /build/glibc-bfm8X4/glibc-2.23/nptl/pthread_mutex_unlock.c
cfn=(438) pthread_mutex_unlock
calls=1 39 
* 28
+5 3
81 4
208 1
+2 3
-2 6
+2 18
+3 14
+3 21
+4 10
+9 5
+3 5
-3 5
+3 10
+2 20
+1 10
cob=(5)
cfi=(78) ???
cfn=(668) 0x0000000000005ac0
calls=1 0 
* 84
cob=(6) /lib/x86_64-linux-gnu/librt-2.23.so
cfi=(89) ???
cfn=(650) 0x0000000000002220
calls=1 0 
* 84
cob=(4) /lib/x86_64-linux-gnu/libm-2.23.so
cfi=(62) ???
cfn=(632) 0x0000000000005690
calls=1 0 
* 84
cob=(7) /usr/lib/valgrind/vgpreload_core-amd64-linux.so
cfi=(90) ???
cfn=(610) 0x0000000000000610
calls=1 0 
* 84
cob=(8)
cfi=(91)
cfn=(598) 0x0000000000400d80
calls=1 0 
* 16
-1 20
+5 10
+1 15
cob=(2) ???
cfi=(16) ???
cfn=(684) 0x0000000005517ad4
calls=1 0 
* 3
cob=(2)
cfi=(16)
cfn=(666) 0x0000000004f38220
calls=1 0 
* 3
cob=(2)
cfi=(16)
cfn=(648) 0x0000000004ca0d0c
calls=1 0 
* 3
cob=(2)
cfi=(16)
cfn=(630) 0x0000000004a287b8
calls=1 0 
* 3
cob=(2)
cfi=(16)
cfn=(608) 0x0000000000403cb4
calls=1 0 
* 3
+6 42
+16 14
-56 17
+11 6
92 45
+21 15
-57 35
+30 12
cfi=(44)
cfn=(150)
calls=2 -41 
* 92
+1 6
268 4
+2 1
-2 2
+6 2
+7 8

fl=(33)
fn=(154) _dl_receive_error
205 10
+1 1
cfi=(2)
cfn=(100) _dl_initial_error_catch_tsd
calls=1 664 
* 2
+5 1
-1 1
-4 1
+9 1
+2 1
-3 1
+3 1
cfi=(2)
cfn=(156) version_check_doit
calls=1 529 
* 12602
+2 1
+1 1
+1 8

fn=(98)
163 22
+15 11
-3 22
+1 22
-13 22
+14 22
+1 11
+2 11
cfi=(2)
cfn=(100)
calls=11 664 
* 22
+2 11
-1 11
+4 11
-3 22
+3 11
-4 11
+4 11
cfi=(34) /build/glibc-bfm8X4/glibc-2.23/setjmp/../sysdeps/x86_64/setjmp.S
cfn=(102) __sigsetjmp
calls=11 26 
* 220
* 33
+2 33
cfi=(41)
cfn=(136)
calls=10 60 
* 23097
cfi=(2)
cfn=(104) map_doit
calls=1 496 
* 2372
+1 22
+2 11
+1 11
-3 11
+1 22
+1 11
+9 11
-8 11
+8 33

fl=(9)
fn=(60) _dl_discover_osversion
45 7
+2 3
+85 8
-45 3
cfi=(21) /build/glibc-bfm8X4/glibc-2.23/posix/../sysdeps/unix/syscall-template.S
cfn=(62) uname
calls=1 -3 
* 5
* 1
+15 1
-15 1
+20 1
-1 1
+3 12
+4 3
-2 6
+2 9
+7 3
-1 3
+4 3
-2 3
+2 10
+5 2

fl=(34)
fn=(102)
26 11
+9 11
+1 22
+1 11
+4 11
+1 11
+1 11
+1 11
+1 11
+2 22
+2 11
+1 11
+1 11
+2 22
+2 11
+4 11
+1 11

fl=(37) /build/glibc-bfm8X4/glibc-2.23/io/../sysdeps/unix/sysv/linux/wordsize-64/fxstat.c
fn=(122) _fxstat
34 6
-1 6
+1 6
+1 36
+4 6

fl=(2)
fn=(52)
710 12

fn=(164) init_tls
589 1
+6 1
-6 1
+2 2
+4 1
+10 4
cfi=(17)
cfn=(36)
calls=1 103 
* 38
* 1
+11 1
-5 1
-7 1
+6 1
+2 1
-1 1
+5 1
+2 1
-1 1
+1 16
+2 14
+4 1
+2 1
-2 2
-5 14
+9 3
+3 1
cfi=(31) /build/glibc-bfm8X4/glibc-2.23/elf/dl-tls.c
cfn=(166) _dl_determine_tlsoffset
calls=1 138 
* 71
+7 1
cfi=(31)
cfn=(168) _dl_allocate_tls_storage
calls=1 354 
* 439
+1 1
-1 1
+1 1
+6 1
+3 1
-3 1
+3 6
+3 1
+2 1
+1 2

fn=(26)
790 1
+19 1
-19 7
2390 1
790 3
+19 1
+3 1
-22 1
2385 1
812 1
+4 2
+1 2
+5 2
2383 2
+7 4
-4 1
+4 8
+2 2
cfi=(13) /build/glibc-bfm8X4/glibc-2.23/elf/dl-environ.c
cfn=(28) _dl_next_ld_env_entry
calls=1 30 
* 46
* 4
cfi=(13)
cfn=(28)
calls=2 30 
* 193
* 9
+4 50
+1 19
-1 57
+3 4
+6 14
2553 3
+30 3
832 3
1033 7
cfi=(15)
cfn=(32)
calls=1 61 
* 250
+2 1
-2 1
+2 1
+1 1
+1 1
+5 2
-5 1
+1 2
+4 1
cfi=(15)
cfn=(48)
calls=1 32 
* 33
+1 3
799 1
1072 1
-3 1
-5 1
+1 1
+2 1
+5 7
+56 5
-55 24
-1 27
+1 47
1175 5
+3 2
+2 2
+2 3
+13 3
+1 6
cfi=(19)
cfn=(54)
calls=1 144 
* 44
* 2
+7 1
+3 1
-5 1
+3 1
+2 1
+1 2
+4 2
+2 2
fi=(3) /build/glibc-bfm8X4/glibc-2.23/elf/get-dynamic-info.h
30 1
+9 2
+6 1
-2 1
+2 2
+15 1
+5 1
+3 1
+2 1
-3 1
-3 1
-3 14
+10 3
-26 9
+16 21
+10 21
-26 63
+26 1
-26 3
+2 50
+13 16
+2 4
+16 3
+38 3
+5 2
+7 2
+1 3
+16 3
+14 3
+18 2
fe=(2)
1218 2
cfi=(6) /build/glibc-bfm8X4/glibc-2.23/elf/dl-lookup.c
cfn=(10) _dl_setup_hash
calls=1 956 
* 23
+3 2
fi=(20) /build/glibc-bfm8X4/glibc-2.23/elf/setup-vdso.h
24 2
fe=(2)
1243 1
cfi=(9)
cfn=(60)
calls=1 45 
* 85
* 8
-75 2
+1 2
+1 1
-6 2
+1 1
-88 3
+1 1
+50 2
-1 8
+2 4
+1 1
+3 2
+1 2
-1 2
+1 2
+1 2
+1 6
+1 2
-43 1
-2 2
+27 1
-25 2
+7 1
-10 1
+10 1
-19 3
+1 1
fi=(3)
65 4
+3 4
+2 4
fe=(2)
2480 1
+1 1
-1 2
+1 3
cfi=(14)
cfn=(30)
calls=1 24 
* 31
* 2
-55 4
cfi=(14)
cfn=(30)
calls=1 24 
* 18
* 2
+7 4
cfi=(14)
cfn=(30)
calls=1 24 
* 36
* 2
+2 3
+48 3
1248 2
cfi=(22)
cfn=(64) _dl_init_paths
calls=1 661 
* 1629
+3 3
cfi=(30)
cfn=(88)
calls=1 50 
* 17
+7 1
-7 1
+2 1
+5 1
+3 3
+1 1
+3 1
-3 3
+1 2
+3 1
+5 1
-7 1
+7 1
+1 5
+17 2
+1 2
+5 1
-3 4
+2 2
+1 3
+5 3
+1 5
+2 2
+1 2
+5 2
+5 1
805 1
1314 2
1491 1
cfi=(31)
cfn=(90) _dl_count_modids
calls=1 115 
* 4
* 1
+8 3
+3 1
+4 3
+5 1
+1 1
cfi=(30)
cfn=(92)
calls=1 74 
* 1
+1 1
+4 3
+15 3
+4 1
-2 1
+2 2
+2 3
+1 1
-1 2
+1 1
cfn=(94) handle_ld_preload
calls=1 757 
* 3012
* 1
+1 1
+2 6
+10 3
cfi=(24)
cfn=(68)
calls=1 84 
* 9
* 2
+77 1
-96 1
+96 3
+17 3
+1 1
-1 1
+1 2
-1 1
+1 5
cfi=(41)
cfn=(134)
calls=1 161 
* 27701
+1 1
+2 2
+3 1
-3 3
+3 1
-3 1
+3 3
+1 4
-1 2
+1 24
-1 12
+4 3
+1 3
+1 1
+2 2
+1 6
-1 7
+1 11
-1 9
-3 1
+16 1
+1 2
-1 1
+1 1
+2 1
+2 4
+2 1
-4 1
+5 1
-1 2
+14 2
+1 2
+1 3
+2 2
+1 1
-28 1
+28 1
+8 1
+2 1
-2 1
+2 2
-1 1
+1 1
-2 3
+2 1
cfi=(33)
cfn=(154)
calls=1 205 
* 12632
+10 1
+1 1
-1 1
+1 1
+1 1
cfn=(164)
calls=1 589 
* 637
* 1
+2 2
719 1
+2 3
fi=(155) /build/glibc-bfm8X4/glibc-2.23/elf/../sysdeps/unix/sysv/linux/dl-osinfo.h
77 1
fe=(2)
730 1
+7 1
-5 1
1729 3
1959 3
2129 4
+2 1
+5 3
cfi=(31)
cfn=(234) _dl_allocate_tls_init
calls=1 450 
* 147
+3 2
+9 3
+2 2
+15 1
+2 1
-2 2
+3 1
-3 1
+3 1
-3 1
+3 3
cfi=(47) /build/glibc-bfm8X4/glibc-2.23/elf/dl-reloc.c
cfn=(170) _dl_relocate_object
calls=1 149 
* 4584
+1 1
+2 6
+8 1
cfi=(7)
cfn=(236)
calls=1 256 
* 1
+4 3
+20 3
cfi=(30)
cfn=(88)
calls=1 50 
* 8
+1 1
-1 1
+2 1
cfi=(30)
cfn=(92)
calls=1 74 
* 1
+1 1
+4 1
cfi=(43)
cfn=(238)
calls=1 322 
* 15
+5 8
2080 3
+7 1
+2 3
+19 1
-19 4
+2 1
+2 21
+5 14
+2 14
+6 7
+2 14
+1 48
cfi=(47)
cfn=(170)
calls=6 149 
* 114747
+4 23
-22 16
+25 1
+2 5
+6 1
-6 1
+6 1
-10 2
cfi=(31)
cfn=(204) _dl_add_to_slotinfo
calls=1 890 
* 20
* 1
-12 1
+1 1
-3 2
-85 1
+11 1
-7 1
-4 1
+4 3
+4 2
+3 1
1633 5
+1 1
-1 3
+4 3
+1 1
+1 2
+1 2
1237 3

fn=(100)
664 26

fn=(104)
496 1
+2 1
-2 1
+3 8
cfi=(22)
cfn=(106)
calls=1 2167 
* 2358
* 1
+2 2

fn=(2)
353 9
+18 4
fi=(5)
59 1
fe=(2)
371 1
fi=(3)
45 1
fi=(5)
+14 2
fe=(2)
397 1
fi=(3)
45 1
fe=(2)
394 1
fi=(3)
45 1
+25 2
-3 1
-7 1
+5 1
+3 1
+2 1
-3 1
-3 1
-3 2
-13 26
+23 13
-26 39
+26 1
-26 3
+2 36
+13 20
+1 16
+10 4
-26 12
+33 2
+20 4
+1 4
+1 4
+1 4
+2 4
+5 4
+1 4
+1 4
+6 3
+5 2
+7 3
+1 3
+8 3
+2 3
+3 2
+1 2
fe=(2)
408 2
302 1
415 1
302 1
cfi=(6)
cfn=(10)
calls=1 956 
* 23
+1 2
+1 2
+1 2
+1 2
+8 1
+9 1
-9 3
+9 1
-6 1
-3 1
+9 1
cfi=(7)
cfn=(12)
calls=1 86 
* 167770
* 1
+9 1
+3 4
+4 1
-4 1
+4 1
440 9
fi=(3)
62 4
+3 4
fe=(2)
413 26
fi=(4) /build/glibc-bfm8X4/glibc-2.23/elf/do-rel.h
84 1
+27 1
-28 1
+28 2
+1 2
fi=(5)
517 2
fi=(4)
112 18
fi=(5)
517 18
+1 20
fi=(4)
111 20
fi=(5)
518 10
fi=(4)
111 10
+5 2
+8 1
fi=(5)
312 1
fi=(4)
124 2
+12 1
+1 3
fi=(5)
266 1
fi=(4)
137 1
fi=(5)
294 1
fi=(4)
137 2
fi=(5)
294 1
fi=(4)
136 5
+1 15
fi=(5)
266 5
fi=(4)
137 5
fi=(5)
294 5
fi=(4)
137 10
fi=(5)
294 5
+9 12
+3 6
-3 12
+3 18
+6 36
fi=(3)
68 4
+2 3
fi=(5)
425 12
fi=(4)
124 19
fe=(2)

fn=(156)
529 2
+2 4
cfi=(46) /build/glibc-bfm8X4/glibc-2.23/elf/dl-version.c
cfn=(158) _dl_check_all_versions
calls=1 380 
* 12592
* 2
+4 2

fn=(94)
757 7
+1 1
-1 1
-75 1
+86 1
-11 1
-75 6
+80 3
fi=(32) /build/glibc-bfm8X4/glibc-2.23/elf/../string/bits/string2.h
961 1
+1 145
+1 46
-2 46
+2 46
-2 139
+2 1
-2 3
fe=(2)
766 2
+10 4
108 3
779 2
677 1
+5 5
-10 1
+4 1
+1 1
+1 1
+2 1
+2 1
cfi=(33)
cfn=(98)
calls=1 163 
* 2434
+1 3
+13 3
+84 1
-18 3
+21 9
-15 4
cfi=(18)
cfn=(46)
calls=1 61 
* 81
* 1
+1 2

fn=(50)
704 12

fl=(42) /build/glibc-bfm8X4/glibc-2.23/io/../sysdeps/unix/sysv/linux/wordsize-64/xstat.c
fn=(140) _xstat
34 4
-1 4
+1 4
+1 24
+4 1
-4 12

fl=(28)
fn=(76)
24 18
+1 18
+1 18
+1 18
+1 18
+1 18
+1 18
+1 18
+1 18
+1 18
+1 18
+1 18
+1 18
+1 18
+1 18
+1 18
+1 18
+1 14
+4 14
+1 14
+1 14
+1 14
+2 14
+4 4
+1 4
+1 4
+1 4
+1 4
+1 4
+1 4
+1 4
+1 4
+1 4
+1 4
+1 4
+1 4
+1 4
+1 4
+1 4
+1 4
+1 4
+1 4
+1 4
+1 4
+1 4
+1 4
+1 4
+52 4
+4 4
+1 4
+1 4
+1 4
+2 4

fl=(12)
fn=(24)
34 4
+8 6
+4 2
+16 5

fl=(13)
fn=(28)
30 3
+3 10
+13 30
-13 90
+2 64
+1 32
+5 2
-3 2
+3 2
+2 2
-12 1
+19 1

fl=(22)
fn=(110) open_verify.constprop.7
1695 132
+39 12
-39 36
+39 46
+31 48
cfi=(24)
cfn=(112) open
calls=12 84 
* 88
+2 12
-2 12
+2 17
+10 5
+1 10
+5 40
cfi=(24)
cfn=(114) read
calls=5 84 
* 25
+2 10
+2 5
+2 5
-2 10
+2 5
+6 10
+16 20
cfi=(14)
cfn=(30)
calls=5 24 
* 138
* 45
cfi=(14)
cfn=(30)
calls=5 24 
* 180
* 10
+74 10
+5 10
+2 20
+6 10
+11 10
+6 5
+1 5
-1 20
+1 5
-1 5
+1 10
+1 15
+20 209
+2 79
+4 20
+1 15
+12 35
+4 15
+5 4
+1 4
-13 16
cfi=(14)
cfn=(30)
calls=4 24 
* 100
* 20
cfi=(14)
cfn=(30)
calls=5 24 
* 150
* 18
+16 8
+3 28
+3 12
+1 20
-39 5
+67 47
-23 7
+23 49
1804 2
+7 8
cfi=(14)
cfn=(30)
calls=2 24 
* 48
* 4

fn=(116) _dl_map_object_from_fd
871 55
+10 5
-10 5
+10 5
-10 15
+10 5
cfi=(30)
cfn=(88)
calls=5 50 
* 40
fi=(36) /build/glibc-bfm8X4/glibc-2.23/elf/../sysdeps/posix/dl-fileid.h
37 15
fe=(22)
881 5
fi=(36)
37 5
cfi=(37)
cfn=(122)
calls=5 -3 
* 50
* 10
+4 5
fe=(22)
897 5
fi=(36)
40 5
+1 5
fe=(22)
897 95
+1 40
fi=(36)
49 60
fe=(22)
1443 40
915 10
+24 10
+10 10
+22 20
+32 10
882 5
1006 35
cfi=(15)
cfn=(32)
calls=5 61 
* 1985
+1 5
-1 5
+1 5
+11 10
+1 5
-1 5
+2 5
-1 5
+4 5
-1 10
-2 5
+2 10
+1 15
+1 5
+19 5
-2 5
+10 5
-8 30
+8 5
-8 15
+8 5
+87 5
+8 5
-8 20
+8 5
-8 15
-86 71
-1 320
+1 226
+6 10
+1 15
+1 5
+9 50
+5 80
+9 30
-1 30
+1 10
+1 20
+2 10
-2 10
+1 10
-1 10
+3 10
+4 10
-7 10
+2 10
+1 10
+4 10
+1 30
+4 15
-14 5
+14 30
+11 5
-11 15
-14 5
+14 30
+11 5
-44 4
+1 2
+46 3
+4 1
+1 1
+1 1
-1 2
+1 1
+3 3
+1 1
+3 1
-3 1
+7 4
+6 1
cfi=(31)
cfn=(148) _dl_next_tls_modid
calls=1 49 
* 8
* 2
+1 1
+59 10
+1 15
+1 5
-6 10
+1 5
+8 15
1019 5
1207 5
1019 5
1207 5
+10 15
fi=(38) /build/glibc-bfm8X4/glibc-2.23/elf/./dl-map-segments.h
56 10
fe=(22)
1217 15
fi=(38)
56 5
fe=(22)
1217 5
fi=(38)
56 5
fe=(22)
1217 10
fi=(38)
56 30
cfi=(26)
cfn=(72)
calls=5 -23 
* 175
+4 5
-4 5
+4 10
+3 10
+1 5
+2 5
-2 5
-1 5
+3 5
+10 10
fi=(40) /build/glibc-bfm8X4/glibc-2.23/elf/./dl-load.h
+14 20
+1 15
+2 20
fi=(38)
+7 40
+6 5
+2 5
-2 5
+1 5
+2 5
-1 5
+1 5
-1 15
+8 10
+17 10
+12 10
-59 50
+2 10
+2 5
-2 10
+2 50
cfi=(26)
cfn=(72)
calls=5 -57 
* 155
* 15
fe=(22)
1229 20
+9 10
fi=(3)
39 5
fe=(22)
1238 5
fi=(3)
39 5
+6 5
-2 5
+2 10
+15 5
+5 5
+3 5
-1 5
-3 5
-3 122
+10 28
-26 84
+16 101
+10 101
-26 303
+26 5
-26 15
+2 268
+13 132
+2 20
+3 20
+13 10
+20 19
+1 20
+1 20
+1 20
+2 20
+5 20
+1 19
+1 20
+6 15
+5 10
+7 10
+1 15
+16 15
+5 4
+2 4
-2 4
+2 4
+2 8
+2 8
+3 15
+10 3
-8 12
+8 3
+5 6
+3 10
fe=(22)
1245 10
+15 15
+19 10
+2 25
+54 15
+1 2
+3 2
cfi=(24)
cfn=(132) close
calls=1 84 
* 5
* 8
cfi=(24)
cfn=(132)
calls=4 84 
* 20
* 10
+9 10
+2 15
+2 5
-2 5
+2 5
+16 10
cfi=(6)
cfn=(10)
calls=5 956 
* 115
+4 10
+1 10
+17 10
+9 5
-5 15
+5 5
+10 10
+10 15
cfi=(15)
cfn=(48)
calls=5 32 
* 235
+4 20
fi=(3)
68 20
+2 25
fe=(22)
1391 4
fi=(38)
119 10
+8 40
cfi=(27)
cfn=(74)
calls=5 -74 
* 974
* 20
-54 20
-1 30
cfi=(39)
cfn=(126) mprotect
calls=5 +12 
* 25
* 5
fi=(40)
+22 15
+1 33
+3 12
fi=(38)
+39 18
cfi=(26)
cfn=(72)
calls=2 33 
* 62
+3 6
fe=(22)
1233 4

fn=(106)
2167 77
+8 11
-8 22
+8 11
+1 44
+3 202
+5 308
+2 132
cfi=(35)
cfn=(108) _dl_name_match_p
calls=44 288 
* 4943
* 88
+4 76
+1 114
+3 20
+2 80
cfi=(19)
cfn=(54)
calls=20 144 
* 526
* 40
2478 88
2213 25
+9 5
-53 5
+53 10
+36 10
-2 5
+2 5
cfi=(28)
cfn=(76)
calls=5 24 
* 115
* 10
2409 2
372 3
cfi=(28)
cfn=(76)
calls=1 24 
* 47
* 2
+4 2
cfi=(29)
cfn=(82)
calls=1 40 
* 128
2410 1
-3 1
+3 2
+4 9
cfn=(110)
calls=1 1695 
* 299
+3 1
-3 1
+3 3
+12 3
+46 1
+1 3
-1 1
+1 9
cfn=(116)
calls=1 871 
* 1444
-1 4
+1 12
-1 4
+1 36
cfn=(116)
calls=4 871 
* 6903
* 22
2262 8
cfi=(11)
cfn=(22)
calls=4 66 
* 64
* 4
+2 4
-2 4
+2 4
+7 16
+35 8
+1 56
cfn=(138) open_path
calls=4 2018 
* 1525
+6 8
-6 4
+6 12
638 4
2314 4
638 8
+3 2
2401 8
+28 12
+2 16
2275 4
+5 4
-5 4
+5 4
+3 8
-3 4
+3 28
-3 15
638 5
2281 5
638 10
+3 2
+3 6
2336 4
-14 4
+14 4
+2 12
+4 8
cfi=(43)
cfn=(142)
calls=4 185 
* 5942
+2 4
-2 4
+2 4
+4 8
+8 12
+23 40
cfn=(110)
calls=4 1695 
* 1362
+4 4
-4 4
+4 12
+1 8
-89 12
+1 32
638 4
2297 4
638 8
+9 4

fn=(138)
2018 32
+1 4
+6 4
-6 4
+6 4
+5 36
+52 4
-59 4
-1 4
+60 4
-52 32
+74 16
-62 4
-9 4
+9 4
+7 16
cfi=(25)
cfn=(70)
calls=4 61 
* 124
+1 4
-1 4
+1 20
+20 8
-20 63
+3 32
+5 14
-1 7
+1 14
-1 21
cfi=(25)
cfn=(70)
calls=7 61 
* 127
* 28
cfi=(25)
cfn=(70)
calls=7 61 
* 165
-1 7
+7 7
-7 7
+7 7
+3 63
cfn=(110)
calls=7 1695 
* 308
* 7
+2 35
+26 12
+2 6
+39 28
+7 4
-2 4
+2 12
+3 12
+14 4
-27 4
+27 28
-84 8
+1 36
+6 4
+2 4
-2 4
+2 8
-2 4
+2 4
cfi=(42)
cfn=(140)
calls=4 34 
* 49
* 8
+1 1
+2 1
-2 1
+2 7
+7 3
-7 3
+7 9
-30 3
+23 6

fn=(64)
661 1
+13 2
-13 8
+13 3
cfi=(23)
cfn=(66)
calls=1 39 
* 398
+5 1
-5 1
+5 1
cfi=(17)
cfn=(40)
calls=1 94 
* 29
* 1
+1 1
-2 1
+2 2
+8 1
-1 1
+1 2
-1 1
+1 1
-1 3
+5 1
-5 1
+5 1
cfi=(17)
cfn=(40)
calls=1 94 
* 80
* 1
+2 1
-3 1
+3 1
+17 1
+12 1
-9 2
+6 1
-19 1
+10 1
+12 1
-11 1
+2 1
+1 4
-15 1
+23 4
-3 21
cfi=(27)
cfn=(74)
calls=4 53 
* 60
* 4
+3 27
-14 3
+2 3
+1 3
+2 6
-3 3
+4 9
+4 3
-3 3
+3 3
+1 3
-4 9
+4 3
+10 1
+4 1
-11 1
+6 1
+6 1
-12 1
+12 1
+2 4
+2 3
+38 5
+8 3
cfi=(28)
cfn=(76)
calls=1 24 
* 23
* 2
+2 2
cfi=(11)
cfn=(22)
calls=1 66 
* 16
* 8
cfi=(18)
cfn=(46)
calls=1 61 
* 31
* 1
+4 6
+17 1
-4 4
-13 52
+17 13
-4 53
+8 1
cfi=(17)
cfn=(40)
calls=1 94 
* 29
* 1
+1 1
-2 1
+2 1
+6 9
cfn=(78) fillin_rpath
calls=1 433 
* 605
+4 5
+6 1
+4 8
-75 1
-2 1
+2 2
+14 2

fn=(78)
433 8
+2 1
-2 9
+5 1
cfi=(17)
cfn=(80)
calls=1 -84 
* 238
* 4
-66 3
cfi=(28)
cfn=(76)
calls=1 24 
* 23
* 2
+4 2
cfi=(29)
cfn=(82)
calls=1 40 
* 94
* 1
+68 2
cfi=(11)
cfn=(22)
calls=1 66 
* 16
+4 1
-4 1
+4 1
+22 15
+1 8
+55 2
+2 2
cob=(2)
cfi=(16)
cfn=(84) 0x0000000004000ab0
calls=1 0 
* 7
* 2
-90 1
cfi=(17)
cfn=(80)
calls=1 -84 
* 6
* 3
+94 1
+3 9
-46 2
+4 2
-1 4
cfi=(17)
cfn=(40)
calls=1 94 
* 29
* 1
+3 1
-3 1
+3 2
+5 1
+1 2
-2 1
+2 1
cfi=(25)
cfn=(70)
calls=1 61 
* 31
+3 1
-3 1
+1 1
+2 1
+6 2
+1 1
-1 2
+1 13
+1 11
-1 2
+3 2
+1 3
+7 1
+1 1
-1 2
-67 6
+8 1
-3 3
+3 2
+26 2
-34 2
+65 2
-9 2

fl=(72) /build/glibc-bfm8X4/glibc-2.23/elf/../sysdeps/x86_64/dl-trampoline.h
fn=(264) _dl_runtime_resolve_sse
64 4
+3 4
+2 4
+2 4
+3 4
+1 4
+1 4
+1 4
+1 4
+1 4
+1 4
+1 4
+1 4
+1 4
+1 4
+1 4
+1 4
+1 4
+1 4
+5 4
+1 4
+1 4
+1 4
+14 4
+1 4
+1 4
cfi=(73) /build/glibc-bfm8X4/glibc-2.23/elf/../elf/dl-runtime.c
cfn=(266) _dl_fixup
calls=4 -46 
* 4834
+1 4
+5 4
+1 4
+1 4
+1 4
+13 4
+1 4
+1 4
+1 4
+1 4
+1 4
+1 4
+1 4
+1 4
+1 4
+1 4
+1 4
+1 4
+1 4
+1 4
+2 4
+2 4
+4 4
+3 4
cob=(3) /lib/x86_64-linux-gnu/libc-2.23.so
cfi=(92) /build/glibc-bfm8X4/glibc-2.23/csu/../csu/libc-start.c
cfn=(370) (below main)
calls=1 -25 
* 14311240332
cob=(3)
cfi=(76) /build/glibc-bfm8X4/glibc-2.23/nptl/libc_pthread_init.c
cfn=(286) __libc_pthread_init
calls=1 44 
* 446
cob=(3)
cfi=(74) /build/glibc-bfm8X4/glibc-2.23/resource/../sysdeps/unix/syscall-template.S
cfn=(276) getrlimit
calls=1 -75 
* 5
cfi=(31)
cfn=(270) _dl_get_tls_static_info
calls=1 346 
* 5

fn=(265) _dl_runtime_resolve_sse'2
64 9
+3 9
+2 9
+2 9
+3 9
+1 9
+1 9
+1 9
+1 9
+1 9
+1 9
+1 9
+1 9
+1 9
+1 9
+1 9
+1 9
+1 9
+1 9
+5 9
+1 9
+1 9
+1 9
+14 9
+1 9
+1 9
cfi=(73)
cfn=(266)
calls=9 -46 
* 10070
+1 9
+5 9
+1 9
+1 9
+1 9
+13 9
+1 9
+1 9
+1 9
+1 9
+1 9
+1 9
+1 9
+1 9
+1 9
+1 9
+1 9
+1 9
+1 9
+1 9
+2 9
+2 9
+4 9
+3 9
cob=(3)
cfi=(102) /build/glibc-bfm8X4/glibc-2.23/malloc/malloc.c
cfn=(584) free
calls=1 2934 
* 56
cob=(3)
cfi=(122) /build/glibc-bfm8X4/glibc-2.23/debug/printf_chk.c
cfn=(502) __printf_chk
calls=1 26 
* 8868
cob=(3)
cfi=(119) /build/glibc-bfm8X4/glibc-2.23/string/../sysdeps/x86_64/multiarch/memcpy-sse2-unaligned.S
cfn=(490) __memcpy_sse2_unaligned
calls=1 27 
* 1375036
cob=(3)
cfi=(116) /build/glibc-bfm8X4/glibc-2.23/rt/../sysdeps/unix/clock_gettime.c
cfn=(476) clock_gettime
calls=1 -66 
* 20
cob=(3)
cfi=(102)
cfn=(466) malloc
calls=1 2902 
* 280
cob=(3)
cfi=(110) /build/glibc-bfm8X4/glibc-2.23/string/../sysdeps/x86_64/multiarch/../memset.S
cfn=(448) __GI_memset
calls=1 53 
* 875016
cfi=(107)
cfn=(436)
calls=1 +23 
* 46
cob=(3)
cfi=(102)
cfn=(418) calloc
calls=1 3172 
* 934277
cob=(3)
cfi=(99) /build/glibc-bfm8X4/glibc-2.23/posix/getopt.c
cfn=(404) getopt
calls=1 1188 
* 366

fl=(29)
fn=(82)
40 24
+1 6
cfi=(11)
cfn=(22)
calls=6 +25 
* 186
* 6
+1 12
cfi=(17)
cfn=(40)
calls=6 +52 
* 174
* 6
+2 12
+4 6
-1 12
+1 12
-1 12
cfi=(18)
cfn=(46)
calls=6 +14 
* 223

fl=(21)
fn=(62)
84 4
+1 1

fl=(44)
fn=(150)
45 8
+6 8
-6 24
+6 8
-6 16
+6 16
+8 32
+3 16
+1 4
-1 4
+1 4
+12 48
+6 120
+31 56
-37 4
cfi=(45)
cfn=(152)
calls=4 -37 
* 72
* 4

fl=(10)
fn=(18)
31 7
+8 1
-6 2
+7 1

fl=(47)
fn=(170)
149 70
+15 7
-15 14
+15 7
+1 42
+6 14
+6 21
-18 14
+22 14
+7 7
-32 7
+32 7
+44 7
fi=(5)
76 21
fe=(47)
232 14
fi=(5)
76 21
+6 12
+4 18
+14 6
-8 6
+10 6
-2 12
+20 12
+9 3
fe=(47)
258 290
-98 36
fi=(5)
301 48
fe=(47)
-43 6
fi=(4)
58 6
-10 6
-1 12
+11 6
-11 6
+11 6
fe=(47)
258 1
-98 6
fi=(5)
301 8
fe=(47)
-43 1
fi=(4)
58 1
-10 1
-1 2
+11 1
-11 1
+11 1
fe=(47)
258 7
fi=(4)
58 7
-10 7
-1 14
+11 7
-11 7
+11 7
+3 30
fi=(5)
528 308
+4 308
+2 462
+1 154
fi=(4)
61 522
+2 704
+2 70
-4 6
+13 12
+1 10
+1 44
fi=(5)
528 22
+26 22
fi=(4)
75 22
fi=(5)
554 44
cob=(4)
cfi=(62)
cfn=(232) sin
calls=1 0 
* 8
cob=(4)
cfi=(62)
cfn=(230) __atan2_finite
calls=1 0 
* 8
cob=(4)
cfi=(64) /build/glibc-bfm8X4/glibc-2.23/math/../sysdeps/x86_64/fpu/multiarch/e_asin.c
cfn=(228) __asin_finite
calls=1 16 
* 5
cob=(4)
cfi=(66) /build/glibc-bfm8X4/glibc-2.23/math/../sysdeps/x86_64/fpu/multiarch/s_floor.S
cfn=(226) floor
calls=1 25 
* 5
cob=(4)
cfi=(65) /build/glibc-bfm8X4/glibc-2.23/math/../sysdeps/x86_64/fpu/multiarch/s_floorf.S
cfn=(224) floorf
calls=1 25 
* 5
cob=(4)
cfi=(64)
cfn=(222) __acos_finite
calls=1 10 
* 5
cob=(4)
cfi=(63) /build/glibc-bfm8X4/glibc-2.23/math/../sysdeps/x86_64/fpu/multiarch/s_rintf.S
cfn=(220) rintf
calls=1 25 
* 5
cob=(4)
cfi=(62)
cfn=(218) __log_finite
calls=1 0 
* 8
cob=(4)
cfi=(61) /build/glibc-bfm8X4/glibc-2.23/math/../sysdeps/x86_64/fpu/multiarch/e_pow.c
cfn=(216) __pow_finite
calls=1 8 
* 5
cob=(4)
cfi=(60) /build/glibc-bfm8X4/glibc-2.23/math/../sysdeps/x86_64/fpu/multiarch/s_ceil.S
cfn=(214) ceil
calls=1 25 
* 5
cob=(4)
cfi=(59) /build/glibc-bfm8X4/glibc-2.23/math/../sysdeps/x86_64/fpu/multiarch/s_ceilf.S
cfn=(212) ceilf
calls=1 25 
* 5
cob=(4)
cfi=(58) /build/glibc-bfm8X4/glibc-2.23/math/../sysdeps/x86_64/fpu/multiarch/s_rint.S
cfn=(210) rint
calls=1 25 
* 5
cob=(4)
cfi=(57) /build/glibc-bfm8X4/glibc-2.23/math/../sysdeps/x86_64/fpu/multiarch/s_sin.c
cfn=(208) cos
calls=1 12 
* 8
cob=(4)
cfi=(56) /build/glibc-bfm8X4/glibc-2.23/math/../sysdeps/x86_64/fpu/multiarch/e_exp.c
cfn=(206) __exp_finite
calls=1 9 
* 8
cob=(3)
cfi=(55) ???
cfn=(202) memcpy@GLIBC_2.2.5
calls=1 0 
* 18
cob=(3)
cfi=(54) /build/glibc-bfm8X4/glibc-2.23/time/../sysdeps/unix/sysv/linux/x86/gettimeofday.c
cfn=(198) gettimeofday
calls=1 37 
* 66
cob=(3)
cfi=(53) /build/glibc-bfm8X4/glibc-2.23/string/../sysdeps/x86_64/multiarch/strspn.S
cfn=(196) strspn
calls=1 30 
* 6
cob=(3)
cfi=(52) /build/glibc-bfm8X4/glibc-2.23/string/../sysdeps/x86_64/multiarch/strcspn.S
cfn=(194) strpbrk
calls=1 45 
* 6
cob=(3)
cfi=(48) /build/glibc-bfm8X4/glibc-2.23/string/../sysdeps/x86_64/multiarch/strcmp.S
cfn=(192) strncasecmp
calls=1 129 
* 10
cob=(3)
cfi=(52)
cfn=(190) strcspn
calls=1 45 
* 6
cob=(3)
cfi=(49) /build/glibc-bfm8X4/glibc-2.23/time/../sysdeps/unix/sysv/linux/x86/time.c
cfn=(184) time
calls=1 38 
* 66
cob=(3)
cfi=(48)
cfn=(182) strcasecmp
calls=1 109 
* 10
fi=(4)
75 22
fi=(5)
555 22
fi=(4)
75 28
fe=(47)
258 4
fi=(4)
75 24
fe=(47)
258 24
+3 28
+24 7
+3 14
+17 21
+2 56
fi=(4)
84 8
-1 8
+3 16
-3 8
+3 8
+12 24
+10 12
+3 17
fi=(5)
512 5
fi=(4)
112 10
fi=(5)
512 1268
fi=(4)
112 2516
fi=(5)
512 2516
+5 2526
+1 2526
fi=(4)
111 2526
fi=(5)
518 1263
fi=(4)
111 1263
+7 24
+6 7
-3 14
+3 19
fi=(5)
447 18
fi=(4)
127 520
+9 260
+3 130
-3 130
+3 130
fi=(5)
269 130
fi=(4)
138 130
-2 130
+1 520
fi=(5)
269 130
+21 260
+4 260
+7 2621
fi=(4)
137 111
fi=(5)
301 222
fi=(4)
137 111
fi=(5)
301 111
fi=(4)
137 111
fi=(5)
301 222
fi=(4)
137 2
fi=(5)
301 4
fi=(4)
137 2
fi=(5)
301 2
fi=(4)
137 2
fi=(5)
301 1586
cfi=(6)
cfn=(176) _dl_lookup_symbol_x
calls=113 806 
* 83154
* 904
+2 348
+3 117
-3 234
+3 351
+6 780
fe=(47)
178 14
fi=(5)
435 327
fi=(4)
124 402
+19 12
fi=(5)
301 60
fi=(4)
108 3
fi=(5)
407 57
+4 95
+14 95
+49 6
+4 14
cfi=(18)
cfn=(46)
calls=2 61 
* 36
+2 8
+1 2
fe=(47)
313 35
+3 7
-3 14
+3 7
+4 14
+1 28
cfi=(39)
cfn=(126)
calls=7 84 
* 35
* 21
fi=(5)
123 30
+6 24
fe=(47)
258 3
fi=(4)
129 14
fi=(5)
301 87
fi=(4)
160 7
+2 20
+8 10
+1 5
-1 5
+1 5
fi=(5)
+98 5
fi=(4)
-99 15
fi=(5)
+99 5
+21 10
+4 10
+7 180
cfi=(6)
cfn=(176)
calls=5 806 
* 3025
* 35
+2 15
+3 1
-3 2
+3 3
+6 30
435 15
fi=(4)
160 17
+14 2
fi=(5)
301 6
fe=(47)

fl=(31)
fn=(168)
354 3
+2 1
+11 3
cfi=(17)
cfn=(44)
calls=1 52 
* 76
* 1
+1 2
+7 2
+4 1
-57 1
+57 296
-58 2
+1 2
cfi=(17)
cfn=(36)
calls=1 103 
* 38
* 1
+1 2
+3 1
+6 2
+64 5

fn=(166)
138 7
+6 3
+3 2
+36 3
+2 10
+3 1
-1 1
+5 2
-5 3
+3 3
+2 5
+16 3
+2 2
-2 2
+2 2
+10 1
-37 2
+25 1
-25 4
+40 4
+1 1
+51 1
+1 8

fn=(270)
346 2
+1 3

fn=(234)
450 2
-1 7
+5 1
+6 3
-6 1
+6 1
-4 1
+16 1
-15 3
+20 6
+6 16
+3 1
+1 2
+6 3
+3 1
-2 2
+2 4
+1 1
+3 1
-1 3
+4 2
+1 4
+2 2
+9 6
cfi=(25)
cfn=(70)
calls=1 61 
* 23
* 4
cfi=(27)
cfn=(74)
calls=1 53 
* 30
* 2
-38 3
+52 2
+2 1
+1 8

fn=(148)
49 1
+3 4
+48 1
+4 2

fn=(204)
890 3
+9 1
-9 1
+6 2
+8 5
+41 1
+1 3
+1 4

fn=(90)
115 2
+1 2

fl=(39)
fn=(240)
84 4
+1 1

fn=(126)
84 48
+1 12

fl=(24)
fn=(112)
84 52
+1 6
+1 35

fn=(68)
84 24
+2 30

fn=(132)
84 24
+1 6

fn=(114)
84 20
+1 5

fl=(26)
fn=(72)
33 17
-1 170
+1 41
+1 170
+2 119
-3 40

fl=(67)
fn=(244)
80 11
+1 1
+1 1
+3 3
+8 2
+1 2
+25 24
+1 21
-90 38
cfn=(246) call_init.part.0
calls=6 -2 
* 1941
* 6
+96 8
-96 2
+58 2
+16 1
cfn=(246)
calls=1 -76 
* 4684
* 1

fn=(246)
28 35
+8 7
+3 7
-3 14
+3 21
+5 42
+5 10
+9 30
cob=(2)
cfi=(16)
cfn=(348) 0x0000000004a28530
calls=1 -58 
* 6
cob=(2)
cfi=(16)
cfn=(336) 0x0000000004c2f428
calls=1 -58 
* 6
cob=(2)
cfi=(16)
cfn=(324) 0x0000000004f34d88
calls=1 -58 
* 6
cob=(3)
cfi=(80) /build/glibc-bfm8X4/glibc-2.23/csu/../csu/init-first.c
cfn=(302) _init
calls=1 -6 
* 176
cob=(2)
cfi=(16)
cfn=(248) 0x000000000550a580
calls=1 -58 
* 4598
* 5
+4 10
+6 5
+2 10
-2 10
+3 25
+1 20
cob=(7)
cfi=(90)
cfn=(352) 0x0000000000000650
calls=1 -72 
* 17
cob=(4)
cfi=(62)
cfn=(340) 0x00000000000056d0
calls=1 -72 
* 17
cob=(6)
cfi=(89)
cfn=(328) 0x0000000000002260
calls=1 -72 
* 17
cob=(3)
cfi=(86) /build/glibc-bfm8X4/glibc-2.23/string/../sysdeps/x86_64/cacheinfo.c
cfn=(314) init_cacheinfo
calls=1 482 
* 1424
cob=(5)
cfi=(78)
cfn=(292) 0x0000000000005b00
calls=1 -72 
* 17
* 8
cob=(3)
cfi=(88) /build/glibc-bfm8X4/glibc-2.23/elf/dl-altinit.c
cfn=(322) dlinit_alt
calls=1 -39 
* 4
cob=(5)
cfi=(79) /build/glibc-bfm8X4/glibc-2.23/nptl/../sysdeps/unix/sysv/linux/x86/elision-conf.c
cfn=(300) elision_init
calls=1 -7 
* 9
* 7
-1 14
+3 42
-29 3
-5 3

fl=(73)
fn=(266)
66 26
+5 26
-5 13
+3 26
+3 13
-1 26
-3 13
+5 78
+1 13
-1 13
+1 26
+5 26
+4 26
+4 39
+4 13
+1 65
+2 52
+7 26
-1 13
+1 13
+10 117
cfi=(6)
cfn=(176)
calls=13 806 
* 13905
* 13
+4 65
+10 78
+16 13
-8 13
+8 39
+4 39
fi=(5)
+90 13
fe=(73)
-86 39
fi=(111) /build/glibc-bfm8X4/glibc-2.23/elf/../sysdeps/x86_64/dl-irel.h
32 3
cob=(3)
cfi=(118) /build/glibc-bfm8X4/glibc-2.23/string/../sysdeps/x86_64/multiarch/memcpy.S
cfn=(488) memcpy@@GLIBC_2.14
calls=1 * 
* 11
cob=(6)
cfi=(115) /build/glibc-bfm8X4/glibc-2.23/rt/clock-compat.c
cfn=(474) clock_gettime
calls=1 +18 
* 2
cob=(3)
cfi=(112) /build/glibc-bfm8X4/glibc-2.23/string/../sysdeps/x86_64/multiarch/memset.S
cfn=(458) memset
calls=1 -4 
* 5
* 3
fe=(73)

fl=(46)
fn=(162) match_symbol
76 253
+9 23
-8 23
-1 46
+1 23
+8 23
+6 69
+15 23
+1 46
+2 23
+5 46
+14 370
+12 486
+4 162
-30 324
+19 115
cfi=(19)
cfn=(54)
calls=23 +11 
* 1073
* 46
+35 184

fn=(160) _dl_check_map_versions
189 21
-15 63
+17 7
+3 21
-3 7
+2 7
+1 7
+2 7
-3 7
+3 7
+3 10
+4 5
-4 5
+4 20
+17 5
56 10
220 5
56 25
220 5
56 10
220 5
56 25
+1 42
-1 84
+2 156
cfi=(35)
cfn=(108)
calls=52 288 
* 5210
* 114
228 30
+5 80
+19 13
-15 307
cfn=(162)
calls=6 76 
* 797
* 68
cfn=(162)
calls=17 76 
* 2561
* 23
+7 138
+3 69
+9 60
+5 15
+1 5
+8 10
+3 20
+10 48
-7 192
+3 144
-3 20
+3 15
+8 18
+87 8
-81 24
cfi=(17)
cfn=(36)
calls=6 103 
* 279
* 6
+1 6
-2 6
+2 6
+11 6
+2 6
-5 6
+3 6
+2 6
-2 6
+2 6
+3 20
+4 30
+18 13
-15 39
+2 39
-2 30
+2 30
+2 23
+1 23
-1 46
+1 23
-1 23
+1 23
+1 23
-2 23
+2 46
+1 69
+3 69
+8 30
+5 5
+1 5
+4 18
+3 20
+20 48
-14 106
-2 48
+7 96
+1 48
-1 144
+1 48
-1 48
+1 48
+1 48
+3 159
+10 54
183 2
-8 2
+95 4
-80 2

fn=(158)
380 5
+4 7
+2 49
cfn=(160)
calls=7 189 
* 12475
-2 7
+2 21
-1 7
-1 14
+5 7

fl=(35)
fn=(108)
288 1315
+1 526
cfi=(19)
cfn=(54)
calls=263 144 
* 7952
* 263
+1 263
-1 263
+3 263
+2 526
+4 262
-4 524
+1 834
cfi=(19)
cfn=(54)
calls=278 144 
* 9440
* 556
-5 16
+11 327
-1 247
+1 988

fn=(144)
45 2
+7 1
-7 3
+7 1
-7 3
+7 1
cfi=(24)
cfn=(112)
calls=1 +32 
* 5
+1 2
+2 5
cfi=(37)
cfn=(122)
calls=1 -21 
* 10
* 2
+2 1
+3 1
-3 1
+3 1
+13 2
cfi=(24)
cfn=(132)
calls=1 +11 
* 5
+3 7
-14 6
cfi=(26)
cfn=(72)
calls=1 -29 
* 33
* 2

fl=(6)
fn=(180) check_match
92 912
+3 798
+12 684
+3 652
cfi=(19)
cfn=(54)
calls=49 +34 
* 2075
* 98
+5 114
-1 114
+1 114
+2 226
+19 226
+1 904
+46 114
-7 114
+7 570
-18 2
+2 1
+1 4
-1 5
-29 339
cfi=(19)
cfn=(54)
calls=113 +6 
* 3252
* 339

fn=(176)
806 1441
568 131
806 524
568 655
+1 131
-1 131
+1 393
-1 393
+1 1693
-1 1693
+1 5079
-1 5341
808 131
+4 131
+4 131
-8 131
+1 262
+7 357
+7 131
-2 131
+2 131
-2 131
+6 131
-7 131
+7 262
-7 786
+15 17
-8 85
+2 1834
cfn=(178) do_lookup_x
calls=131 355 
* 73183
+3 393
+26 262
+22 114
+1 798
+31 114
+9 570
+14 342
+3 456
+5 114
+2 1048
-85 119
+16 17
+1 34
+59 2

fn=(10)
956 21
+4 7
+4 14
+2 7
-1 7
+3 21
+1 7
+1 7
+3 7
-3 7
+7 7
-4 7
-1 7
+3 7
+2 7
-7 7
+7 7
+1 7

fn=(178)
355 917
+1 131
-1 655
+48 131
-30 131
-11 131
+41 131
+7 262
-7 262
-30 524
+37 524
-44 262
+3 262
-3 1100
+3 1100
+4 1382
+4 1358
+4 1358
+6 2037
+8 679
-4 679
+1 679
+3 1358
+1 2037
+3 679
+1 1358
+2 1358
+8 679
-8 679
+8 6790
-99 565
553 3782
+1 334
cfi=(35)
cfn=(108)
calls=167 288 
* 14412
* 501
+3 1701
+3 17
+1 1048
-92 228
+50 860
+4 39
+12 228
+1 114
+1 228
413 762
+2 254
+2 1625
+13 372
-10 1190
+2 228
+1 570
-1 114
+1 798
-1 114
+1 342
cfn=(180)
calls=114 92 
* 11657
+4 342
+34 22
+94 77
439 1026

fl=(11)
fn=(22)
66 28
+1 28
+1 28
+1 28
+1 28
+1 28
+1 28
+2 28
+2 28
+30 27
+1 27
+1 27
+1 27
+1 27
+1 12
+1 12
+4 15
+1 15
+1 15
+1 15
+1 15
+1 15
+1 15
+1 15
+1 15
+1 15
+1 15
+1 15
+5 120
+4 1
+1 14
+1 8

ob=(8)
fl=(114) /scratch/nas/1/sca24/SCA-1/seq/timing.c
fn=(494) toc
28 2
+4 1
-4 4
+4 2
cob=(3)
cfi=(116)
cfn=(476)
calls=1 +61 
* 20
* 1
+1 1
+1 3
-1 1
+2 1
-1 2
+7 2
-6 1
-1 1
+1 2
-1 2
+1 1
-1 2
+1 1
+6 4

fn=(468) tic
20 5
cob=(1)
cfi=(72)
cfn=(265)
calls=1 +44 
* 1242
* 5

fl=(97) /scratch/nas/1/sca24/SCA-1/seq/cgp3d.c
fn=(480) mul_poisson3d
25 1206
+4 201
+1 201
-1 402
+1 402
+1 1407
+5 201
-5 804
+5 5628
+4 1206
-5 201
-1 2211
+2 402
+4 119394
-5 19899
-1 218889
+2 39798
+4 1989900
-5 1989900
-1 21888900
+2 3979800
-2 795960000
+1 994950000
+1 397980000
-1 2010000
+1 600990000
+1 994950000
+1 994950000
+1 994950000
+1 994950000
+1 1790910000
-8 397980000
+8 18090000
-8 14070000
-1 4120500
-1 40200
+17 1407
-12 2010000
+1 6030000
+1 6030000
+1 6030000
+1 8040000

fn=(482) pc_identity
59 199
fi=(120) /usr/include/x86_64-linux-gnu/bits/string3.h
-6 995
cob=(3)
cfi=(119)
cfn=(490)
calls=198 -26 
* 272257128
cob=(1)
cfi=(72)
cfn=(265)
calls=1 +11 
* 1376168
* 203
fe=(97)

fn=(396) main
345 4
+3 1
-3 6
+2 2
cfi=(98) /scratch/nas/1/sca24/SCA-1/seq/params.c
cfn=(398) get_params
calls=1 25 
* 1483
* 3
+3 1
+3 1
-2 1
-1 1
+1 2
+2 4
cob=(1)
cfi=(72)
cfn=(265)
calls=1 64 
* 935362
* 5
+1 2
-1 1
+1 1
cob=(3)
cfi=(102)
cfn=(418)
calls=1 3172 
* 304
* 1
+1 2
-1 1
+1 1
cob=(3)
cfi=(102)
cfn=(418)
calls=1 3172 
* 304
* 1
+6 2
-6 1
+6 1
cfn=(450) setup_rhs1
calls=1 -41 
* 5947936
+6 1
-3 1
+1 1
+2 2
+6 2
+5 10
cfi=(113) /scratch/nas/1/sca24/SCA-1/seq/pcg.c
cfn=(460) pcg
calls=1 49 
* 14259297400
* 2
+4 5
cfn=(480)
calls=1 25 
* 45051259
+2 383
+1 600
+1 3
fi=(121) /usr/include/x86_64-linux-gnu/bits/stdio2.h
104 4
cob=(3)
cfi=(122)
cfn=(502)
calls=1 -78 
* 2618
* 1
fe=(97)
388 2
cob=(3)
cfi=(102)
cfn=(584)
calls=1 2934 
* 56
* 1
+1 2
cob=(3)
cfi=(102)
cfn=(584)
calls=1 2934 
* 56
* 1
+1 2
cob=(3)
cfi=(102)
cfn=(584)
calls=1 2934 
* 56
* 1
+1 12
-7 3

fn=(450)
320 1
fi=(120)
90 1
fe=(97)
320 1
fi=(120)
90 1
fe=(97)
320 1
+1 2
-1 2
fi=(120)
90 5
cob=(1)
cfi=(72)
cfn=(265)
calls=1 -26 
* 876101
* 5
fe=(97)
323 12
+1 15
-1 3
+4 1
+2 2
-2 2
-3 1485
-1 297
+4 99
+2 198
-2 198
-4 29700
+4 9900
+2 19800
-2 1009800
+2 1980000
-2 1980000
-2 40100
-2 200
+10 4

fl=(113)
fn=(460)
49 8
+1 1
-1 1
+1 2
-1 7
+1 2
cob=(1)
cfi=(72)
cfn=(265)
calls=1 +14 
* 1413
* 5
+1 1
-1 1
+1 1
cob=(3)
cfi=(102)
cfn=(466)
calls=1 2902 
* 280
* 1
+1 1
-1 1
+1 1
cob=(3)
cfi=(102)
cfn=(466)
calls=1 2902 
* 280
* 1
+1 1
-1 1
+1 1
cob=(3)
cfi=(102)
cfn=(466)
calls=1 2902 
* 280
* 1
+9 1
-4 1
-5 1
+5 3
+4 1
cfi=(114)
cfn=(468)
calls=1 -42 
* 1252
+3 7
cfi=(97)
cfn=(480)
calls=1 -40 
* 45051259
+1 3500027
+2 86
-56 5
+57 8
cfi=(97)
cfn=(482)
calls=1 -10 
* 1376179
-57 198
+57 1584
cfi=(97)
cfn=(482)
calls=198 -10 
* 272258514
-56 1592
+1 796
-1 398
+1 795999204
-1 397999602
+59 795
+4 792
+1 594
-1 1188
+1 891000990
+2 1584
cfi=(97)
cfn=(480)
calls=198 -54 
* 8920149282
* 594
-65 1386
-1 396
+1 7
-1 2
+1 795999204
-1 397999602
+67 1194
+1 597
-1 995
+1 796001393
+1 895502587
-14 199
+15 398
-15 1592
+18 4
cfi=(114)
cfn=(494)
calls=1 -58 
* 54
* 10
fi=(121)
+18 7
cob=(1)
cfi=(72)
cfn=(265)
calls=1 -40 
* 10084
* 5
fe=(113)
-15 2
cob=(1)
cfi=(72)
cfn=(265)
calls=1 -25 
* 1152
* 5
+1 2
cob=(3)
cfi=(102)
cfn=(584)
calls=1 2934 
* 56
* 1
+1 2
cob=(3)
cfi=(102)
cfn=(584)
calls=1 2934 
* 56
* 1
+1 2
cob=(3)
cfi=(102)
cfn=(584)
calls=1 2934 
* 56
* 1
+2 1
+1 9
-13 398
-2 398
fi=(120)
-27 7
cob=(3)
cfi=(119)
cfn=(490)
calls=1 -26 
* 1375036
* 1
fe=(113)
+26 6
cfi=(97)
cfn=(480)
calls=1 -54 
* 45051259
-65 5
+62 396
-64 2
+54 2

fl=(91)
fn=(598)
0 5
cfn=(602) 0x0000000000400d00
calls=1 0 
0 8
0 3

fn=(362)
0 11
cob=(1)
cfi=(72)
cfn=(264)
calls=1 64 
0 14311241531
0 5

fn=(376) __libc_csu_init
0 15
cob=(2)
cfi=(16)
cfn=(378) 0x0000000000400880
calls=1 0 
0 6
0 8
cfn=(382) 0x0000000000400da0
calls=1 0 
0 16
0 11

fn=(382)
0 16

fn=(602)
0 8

fl=(98)
fn=(398)
25 1
+7 2
-5 1
+5 4
-9 1
+1 1
+1 1
+1 1
+1 1
+1 1
+15 4
cob=(1)
cfi=(72)
cfn=(265)
calls=1 +21 
* 1452
* 5
* 2
+28 4
-1 2

ob=(7)
fl=(90)
fn=(610)
0 8
cob=(2)
cfi=(16)
cfn=(616) 0x0000000004a28570
calls=1 0 
0 63
0 1
cfn=(624) 0x0000000000000580
calls=1 0 
0 9
0 3

fn=(352)
0 17

fn=(624)
0 9

ob=(4)
fl=(56)
fn=(206)
9 8

fl=(66)
fn=(226)
25 1
+1 1
+1 1
+1 1
+2 1

fl=(59)
fn=(212)
25 1
+1 1
+1 1
+1 1
+2 1

fl=(62)
fn=(632)
0 8
cob=(2)
cfi=(16)
cfn=(638) 0x0000000004c2f5f8
calls=1 0 
0 63
0 1
cfn=(642) 0x0000000000005600
calls=1 0 
0 9
0 3

fn=(230)
0 8

fn=(218)
0 8

fn=(232)
0 8

fn=(340)
0 17

fn=(642)
0 9

fl=(61)
fn=(216)
8 5

fl=(65)
fn=(224)
25 1
+1 1
+1 1
+1 1
+2 1

fl=(58)
fn=(210)
25 1
+1 1
+1 1
+1 1
+2 1

fl=(64)
fn=(228)
16 5

fn=(222)
10 5

fl=(60)
fn=(214)
25 1
+1 1
+1 1
+1 1
+2 1

fl=(57)
fn=(208)
12 8

fl=(63)
fn=(220)
25 1
+1 1
+1 1
+1 1
+2 1

ob=(6)
fl=(89)
fn=(660) 0x0000000000002190
0 9

fn=(650)
0 8
cob=(2)
cfi=(16)
cfn=(656) 0x0000000004f350f8
calls=1 0 
0 63
0 1
cfn=(660)
calls=1 0 
0 9
0 3

fn=(328)
0 17

fl=(115)
fn=(474)
50 2

ob=(5)
fl=(78)
fn=(292)
0 17

fn=(678) 0x0000000000005a30
0 9

fn=(668)
0 8
cob=(2)
cfi=(16)
cfn=(674) 0x000000000550aa20
calls=1 0 
0 63
0 1
cfn=(678)
calls=1 0 
0 9
0 3

fl=(79)
fn=(300)
65 6
+4 1
+1 2

fl=(68) /build/glibc-bfm8X4/glibc-2.23/nptl/nptl-init.c
fn=(250) __pthread_initialize_minimal
301 2
fi=(69) /build/glibc-bfm8X4/glibc-2.23/nptl/../sysdeps/unix/sysv/linux/pthread-pids.h
29 1
fe=(68)
301 1
+14 1
-14 1
fi=(69)
29 4
fe=(68)
317 2
+1 1
+4 3
+6 1
+4 1
+4 2
-8 1
+2 1
+6 1
+48 3
+3 1
fi=(156) /build/glibc-bfm8X4/glibc-2.23/nptl/../include/list.h
60 1
fe=(68)
387 1
+1 1
fi=(156)
60 1
+1 1
+1 1
+2 1
fe=(68)
392 2
+4 4
+8 1
-1 1
-7 18
+6 1
+2 2
-2 1
+2 1
cfi=(70) /build/glibc-bfm8X4/glibc-2.23/nptl/../sysdeps/unix/sysv/linux/x86_64/sigaction.c
cfn=(254) __libc_sigaction
calls=1 47 
* 62
+5 1
+2 3
-1 1
-1 1
+2 1
cfi=(70)
cfn=(254)
calls=1 47 
* 62
fi=(71) /build/glibc-bfm8X4/glibc-2.23/nptl/../sysdeps/unix/sysv/linux/bits/sigset.h
117 1
fe=(68)
425 1
fi=(71)
117 1
fe=(68)
425 5
+8 3
cob=(1)
cfi=(72)
cfn=(264)
calls=1 64 
* 1424
* 5
+3 3
+4 2
+5 2
-5 4
+5 1
cob=(1)
cfi=(72)
cfn=(264)
calls=1 64 
* 1180
* 5
* 2
+1 3
+3 1
+8 1
+7 1
-7 1
+6 10
+1 3
+1 1
+1 1
-1 1
+2 2
+4 1
cob=(2)
cfi=(16)
cfn=(278) 0x000000000550aa10
calls=1 0 
* 4
* 1
+10 1
-10 1
cob=(1)
cfi=(2)
cfn=(100)
calls=1 664 
* 2
* 2
+1 1
+6 1
+1 1
-7 1
+4 1
+4 1
-4 1
+1 2
+3 1
+3 1
+11 3
-11 1
+3 2
+2 2
+6 1
cob=(1)
cfi=(72)
cfn=(264)
calls=1 64 
* 1687
* 5
+4 1
-6 1
+7 5
-61 3

fl=(70)
fn=(254)
47 2
+4 2
-4 2
+4 2
+3 4
-1 2
+1 4
-1 2
+1 56
+1 2
-1 2
+1 2
+7 2
-7 4
+2 4
+5 20
+3 4
+8 4
-11 4

fl=(108)
fn=(438)
39 2
313 2
39 2
+1 2
-1 2
+1 4
+4 4
+5 2
+3 2
+3 6
+2 2
315 4
61 4
+6 8
+4 6
+3 4

fl=(125) /build/glibc-bfm8X4/glibc-2.23/nptl/cleanup_defer_compat.c
fn=(508) _pthread_cleanup_push_defer
28 2
+1 2
+1 4
+2 2
+3 6
+15 8
+4 4

fn=(576) _pthread_cleanup_pop_restore
65 4
+3 6
+23 6

fl=(106)
fn=(428)
64 2
+3 6
+2 2
+2 6
+4 6
+81 2
+3 2
+2 2
+3 2
+2 2
+1 4
-83 4
+11 8
+4 2
+3 4
+13 8
+2 6
+1 4

ob=(3)
fl=(49)
fn=(184)
38 1
-1 1
+1 6
fi=(50) /build/glibc-bfm8X4/glibc-2.23/time/../sysdeps/generic/dl-hash.h
+10 3
+14 4
-17 3
+3 9
+14 12
-17 9
fe=(49)
-7 3
+3 2
-3 1
+3 1
cfi=(51) /build/glibc-bfm8X4/glibc-2.23/elf/../sysdeps/unix/sysv/linux/dl-vdso.c
cfn=(188) _dl_vdso_vsym
calls=1 -14 
* 6
+1 3
+1 2

fl=(53)
fn=(196)
30 1
+1 1
+1 1
+1 1
+1 1
+1 1

fl=(154) /build/glibc-bfm8X4/glibc-2.23/posix/../sysdeps/unix/sysv/linux/_exit.c
fn=(696) _Exit
27 2
+4 1
+2 2

fl=(74)
fn=(276)
84 4
+1 1

fl=(122)
fn=(502)
26 40
+4 34
+1 4
+1 4
+2 2
+1 6
-1 10
+1 2
cfi=(123) /build/glibc-bfm8X4/glibc-2.23/stdio-common/vfprintf.c
cfn=(504) vfprintf
calls=2 1236 
* 11340
+3 2
-3 2
+3 2
+1 4
fi=(148) /build/glibc-bfm8X4/glibc-2.23/debug/../libio/libioP.h
875 2
+1 4
+1 16
fe=(122)
43 12

fl=(123)
fn=(504)
1236 16
+31 6
+8 7
+4 10
+11 10
+11 2
fi=(157) /build/glibc-bfm8X4/glibc-2.23/stdio-common/printf-parse.h
108 6
fe=(123)
1316 2
-15 10
fi=(157)
108 2
cfi=(124) /build/glibc-bfm8X4/glibc-2.23/string/../sysdeps/x86_64/strchr.S
cfn=(506) strchrnul
calls=2 -84 
* 40
fe=(123)
1316 2
fi=(157)
108 2
fe=(123)
1312 2
+4 4
+4 16
cfi=(126) /build/glibc-bfm8X4/glibc-2.23/libio/fileops.c
cfn=(510) _IO_file_xsputn@@GLIBC_2.2.5
calls=2 -33 
* 112
* 8
1685 10
+1 4
+2 2
+1 16
1275 2
+41 6
+1 12
1686 14
cob=(5)
cfi=(125)
cfn=(576)
calls=2 65 
* 16
* 4
1316 14
cob=(5)
cfi=(125)
cfn=(508)
calls=2 28 
* 28
+1 4
+3 4
+4 2
-4 2
+4 4
+4 24
1552 4
-21 4
1632 4
-1 4
1370 90
-7 6
-1 6
-3 6
-1 6
+8 6
+4 6
-3 6
-10 6
-1 6
-1 6
-1 6
-1 6
+14 6
-15 6
-1 6
-1 6
-1 6
+18 12
1649 6
+2 12
+8 6
fi=(157)
108 12
fe=(123)
1659 6
fi=(157)
108 6
fe=(123)
1659 6
fi=(157)
108 12
cfi=(124)
cfn=(506)
calls=6 -84 
* 144
fe=(123)
1663 6
-4 6
+4 66
cfi=(126)
cfn=(510)
calls=6 1287 
* 923
* 78
+2 14
-34 59
cfi=(126)
cfn=(510)
calls=1 1287 
* 811
* 10
+1 4
-1 12
cfi=(127) /build/glibc-bfm8X4/glibc-2.23/stdio-common/_itoa.c
cfn=(512) _itoa_word
calls=1 168 
* 46
* 33
+1 10
cfi=(126)
cfn=(510)
calls=1 1287 
* 77
* 10
-1 16
+1 23
-1 208
cfi=(135) /build/glibc-bfm8X4/glibc-2.23/stdio-common/printf_fp.c
cfn=(540) __printf_fp
calls=4 1257 
* 7974
* 88
+1 11

fl=(104) /build/glibc-bfm8X4/glibc-2.23/malloc/arena.c
fn=(424) ptmalloc_init.part.5
258 6
+13 1
-8 1
+8 1
+6 3
+2 5
+16 2
-56 32
-18 99
+2 64
+1 2
+1 2
340 2
+6 2
+1 2
+2 1
+1 7
-78 5
cfi=(105) /build/glibc-bfm8X4/glibc-2.23/elf/dl-addr.c
cfn=(426) _dl_addr
calls=1 126 
* 58050
* 2
+1 4

fl=(118)
fn=(488)
32 1
+2 1
+1 1
+6 1
+1 1
+1 1
+2 1
+1 1
+1 1
+1 1
+1 1

fl=(126)
fn=(694) _IO_file_sync@@GLIBC_2.2.5
868 1
+5 1
-5 1
+5 3
+2 1
+1 2
+17 2
+4 2

fn=(570) _IO_file_write@@GLIBC_2.2.5
1258 2
-2 12
+2 8
+4 4
+1 4
+10 6
+3 12
-13 8
cfi=(147) /build/glibc-bfm8X4/glibc-2.23/io/../sysdeps/unix/syscall-template.S
cfn=(572) write
calls=2 84 
* 14
+1 4
+5 2
+1 2
-12 10

fn=(534) _IO_do_write@@GLIBC_2.2.5
494 9
+1 1
-3 16
+11 4
+7 8
+8 10
cfn=(570)
calls=2 1258 
* 88
* 2
+1 10
+6 2
-4 2
+4 2
-4 6
+1 4
+3 2
-2 2
-29 8
+1 12
+29 4

fn=(510)
1287 10
-1 20
-6 90
+13 36
+17 4
+4 8
+5 32
cfi=(134) /build/glibc-bfm8X4/glibc-2.23/string/../sysdeps/x86_64/memcpy.S
cfn=(538) __GI_mempcpy
calls=8 61 
* 168
* 8
+6 8
-1 8
+1 16
+2 16
+27 18
+1 73
-24 5
cfn=(514) _IO_file_overflow@@GLIBC_2.2.5
calls=1 808 
* 580
* 2
+6 6
+1 9
+2 9
+11 6
+1 4
cfi=(128) /build/glibc-bfm8X4/glibc-2.23/libio/genops.c
cfn=(536) _IO_default_xsputn
calls=1 425 
* 173
* 2
-57 24
+1 16
+3 24
+2 164
-2 116
+39 12
-35 2
+11 10
+17 8
cfn=(514)
calls=2 808 
* 232
* 4

fn=(514)
808 117
+7 39
-8 195
+8 191
+35 78
+3 72
+3 108
+1 108
+1 144
+4 36
+1 144
-45 2
+12 2
+9 4
+8 1
-4 1
+3 2
-2 2
-3 1
+1 2
+5 1
-1 1
+1 3
+1 2
+3 6
+12 9
-12 3
cfn=(534)
calls=3 494 
* 192
-31 2
cfi=(128)
cfn=(516) _IO_doallocbuf
calls=1 395 
* 526
+1 6

fn=(690) _IO_file_setbuf@@GLIBC_2.2.5
450 2
+1 1
cfi=(128)
cfn=(692) _IO_default_setbuf
calls=1 +71 
* 51
* 2
+4 2
-1 2
+2 3
+2 1
+1 2

fn=(520) _IO_file_stat
1229 1
+1 3
cfi=(130) /build/glibc-bfm8X4/glibc-2.23/io/../sysdeps/unix/sysv/linux/wordsize-64/fxstat.c
cfn=(522) _fxstat
calls=1 34 
* 10

fl=(132) /build/glibc-bfm8X4/glibc-2.23/misc/sbrk.c
fn=(528) sbrk
34 2
+8 2
-8 6
+8 9
+4 4
+4 6
+12 5
-19 2
cfi=(133) /build/glibc-bfm8X4/glibc-2.23/misc/../sysdeps/unix/sysv/linux/x86_64/brk.c
cfn=(530) brk
calls=1 -12 
* 12
* 4
+15 2
cfi=(133)
cfn=(530)
calls=1 -27 
* 12
* 2
+4 5

fl=(141) /build/glibc-bfm8X4/glibc-2.23/stdlib/../sysdeps/x86_64/rshift.S
fn=(554) __mpn_rshift
29 4
+1 4
+1 4
+13 4
+1 4
+16 4
+1 4
+1 4
+1 4
+1 4
+1 4
+1 4
+5 4
+1 4
+1 4
+1 4
+1 4

fl=(124)
fn=(506)
24 8
+1 8
+1 8
+1 8
+1 8
+1 8
+1 8
+1 8
+1 8
+1 8
+1 8
+1 8
+1 8
+1 8
+1 8
+1 8
+1 8
+1 7
+2 7
+7 7
+4 1
+1 1
+1 1
+1 1
+1 1
+1 1
+1 1
+1 1
+1 1
+1 1
+1 1
+1 1
+1 1
+1 1
+1 1
+1 1
+1 1
+1 1
+1 1
+1 1
+1 1
+1 1
+1 1
+1 1
+52 1
+2 1
+7 1

fl=(133)
fn=(530)
31 16
+8 2
-6 4
+7 2

fl=(88)
fn=(322)
33 3
+1 1

fl=(101) /build/glibc-bfm8X4/glibc-2.23/string/../sysdeps/x86_64/strlen.S
fn=(412) strlen
66 5
+1 5
+1 5
+1 5
+1 5
+1 5
+1 5
+2 5
+2 5
+30 5
+1 5
+1 5
+1 5
+1 5
+1 5
+1 5

fl=(76)
fn=(286)
44 1
+2 1
+3 1
-5 1
+5 4
cfi=(77) /build/glibc-bfm8X4/glibc-2.23/nptl/register-atfork.c
cfn=(288) __register_atfork
calls=1 +36 
* 53
* 1
+19 2
+3 3
+1 1
-4 3
+3 159
+1 53
-4 159
+12 1
-6 1
+6 2

fl=(112)
fn=(458)
28 1
+1 1
+1 1
+1 1
+9 1

fl=(116)
fn=(476)
93 10
+22 12
cfi=(117) /build/glibc-bfm8X4/glibc-2.23/misc/../sysdeps/unix/syscall-template.S
cfn=(478) __syscall_clock_gettime
calls=2 -50 
* 6
* 4
+19 8

fl=(139) /build/glibc-bfm8X4/glibc-2.23/stdlib/mul.c
fn=(550) __mpn_mul
48 50
+6 5
-6 15
+6 5
+13 5
-1 10
+5 5
+1 10
+9 5
cfi=(140) /build/glibc-bfm8X4/glibc-2.23/stdlib/../sysdeps/x86_64/mul_1.S
cfn=(552) __mpn_mul_1
calls=5 -49 
* 160
+2 5
+5 5
-5 10
+1 5
+4 5
+54 40

fl=(134)
fn=(538)
61 11
+4 11
+3 11
+1 11
+2 7
+1 7
+2 7
+1 7
+5 7
+1 7
-1 4
+1 4
+2 3
+1 3
+2 3
+1 3
+5 3
+1 3
-1 8
+1 8
+2 1
+1 1
+2 1
+1 1
+5 1
+1 1
-1 10
+1 10
+2 3
+1 3
+2 3
+1 6
+5 3
+1 3
-1 8
+1 9
+5 1
+1 1
+1 1
+1 1
+2 1
+2 1
+1 1
+2 1
+6 11
+4 11

fl=(51)
fn=(188)
27 8
+4 8
-3 8

fl=(55)
fn=(202)
0 18

fl=(152) /build/glibc-bfm8X4/glibc-2.23/stdlib/cxa_finalize.c
fn=(618) __cxa_finalize
31 16
+17 4
-17 16
+4 16
+4 24
-4 12
+32 16
+4 24
-4 12
+12 8
+3 4
-2 4
+2 24
-2 4
cfi=(153) /build/glibc-bfm8X4/glibc-2.23/nptl/unregister-atfork.c
cfn=(620) __unregister_atfork
calls=4 -52 
* 64

fl=(84) /build/glibc-bfm8X4/glibc-2.23/string/../sysdeps/x86_64/strrchr.S
fn=(310) rindex
24 1
+1 1
+1 1
+1 1
+1 1
+1 1
+1 1
+1 1
+1 1
+1 1
+1 1
+1 1
+1 1
+1 1
+1 1
+1 1
+1 1
+1 1
+1 1
+1 1
+1 1
+1 1
+1 1
+1 1

fl=(86)
fn=(316) handle_intel
262 4
-1 4
+17 2
-17 12
+14 2
+1 4
-3 6
+23 8
cfn=(318) intel_check_word
calls=2 133 
* 680
+1 4
+3 10
cfn=(318)
calls=2 133 
* 349
+1 4
+3 5
cfn=(318)
calls=1 133 
* 24
+1 2
+3 5
cfn=(318)
calls=1 133 
* 100
+1 2
-25 4
+5 2
-5 6
+5 2
+2 2
+1 2
-1 4
+27 16

fn=(318)
133 12
+6 6
-7 30
+7 24
-7 6
+7 6
+2 6
-2 6
+2 6
+68 10
+3 30
-69 5
+2 10
-2 8
+2 16
+8 26
+51 26
+22 13
fi=(87) /build/glibc-bfm8X4/glibc-2.23/string/../bits/stdlib-bsearch.h
27 13
+1 26
+3 26
+1 13
fe=(86)
+89 26
fi=(87)
-90 42
+1 21
fe=(86)
+89 42
+3 84
fi=(87)
-95 61
+2 61
-2 61
+2 106
+1 53
fe=(86)
+89 106
231 12
+14 2
+6 11
141 22
-6 4
256 24
fi=(87)
37 23
-8 48
fe=(86)
233 2
+2 4
+2 2
+19 12

fn=(314)
482 2
+12 1
-12 3
+12 3
+2 4
cfn=(316)
calls=1 262 
* 776
+4 2
-4 1
+4 1
cfn=(316)
calls=1 262 
* 489
+2 1
-2 1
-1 1
+3 1
+9 2
+2 1
+1 1
+2 1
+5 2
+9 4
-9 4
+9 16
-9 12
+6 8
+69 4
+1 5
+55 2
+2 1
+1 1
+2 1
-3 1
+5 1
-5 1
+4 3
+4 2
+2 1
+1 1
+2 1
-3 1
+5 1
-5 1
+4 2
+3 1
-3 1
+3 5
532 1
+32 1
-26 6
+7 5
+2 1
+1 1
+1 2
-4 4
+2 1
+1 1
+1 6
+2 2
-6 2
+6 2
+5 1
+2 2
+1 1
-1 1
+1 3
+6 1
-1 1
+1 5

fl=(105)
fn=(426)
126 9
+5 1
-5 2
+5 2
cob=(5)
cfi=(106)
cfn=(428)
calls=1 -67 
* 36
+2 2
cob=(1)
cfi=(72)
cfn=(265)
calls=1 -69 
* 1511
* 5
+2 2
30 1
+1 1
-1 1
+1 1
+3 2
+5 1
+6 1
-7 1
+2 2
+2 1
-2 1
+2 1
+3 1
+5 8
+2 1
+1 2
-1 1010
+1 2020
+2 3628
+9 2010
+7 24
-2 24
+2 2259
-2 2211
+2 5750
-10 11175
+2 8940
+1 14318
+7 1011
-21 2022
+49 3
+1 1
+1 3
+3 2
+37 2
cob=(5)
cfi=(108)
cfn=(438)
calls=1 39 
* 28
+3 9
-28 1
+1 1
+21 2

fl=(75) /build/glibc-bfm8X4/glibc-2.23/elf/dl-tsd.c
fn=(280) __libc_dl_error_tsd
48 2
+1 1

fl=(137) /build/glibc-bfm8X4/glibc-2.23/stdlib/../sysdeps/ieee754/dbl-64/dbl2mpn.c
fn=(546) __mpn_extract_double
37 4
-4 4
+4 8
+1 4
+9 8
+9 4
-18 12
+18 4
-18 4
+9 4
+9 4
+47 8
+4 4
-4 4
+4 4

fl=(149) /build/glibc-bfm8X4/glibc-2.23/stdlib/exit.c
fn=(590) exit
104 1
-1 1
+1 2
cfn=(592) __run_exit_handlers
calls=1 -69 
* 2206

fn=(592)
35 8
+5 1
cfi=(150) /build/glibc-bfm8X4/glibc-2.23/stdlib/cxa_thread_atexit_impl.c
cfn=(594) __call_tls_dtors
calls=1 145 
* 11
* 1
+6 8
+4 6
+3 1
-1 1
+2 5
+33 1
+1 1
-1 1
+1 1
+6 2
+1 5
cfi=(128)
cfn=(686) _IO_cleanup
calls=1 948 
* 248
* 3
+2 2
cfi=(154)
cfn=(696)
calls=1 -70 
* 5
-19 1
+4 1
-4 1
+2 1
+2 1
-2 2
+2 1
cob=(1)
cfi=(151)
cfn=(596)
calls=1 +48 
* 1886
+1 1

fl=(131) /build/glibc-bfm8X4/glibc-2.23/malloc/morecore.c
fn=(526) __default_morecore
46 2
+1 2
cfi=(132)
cfn=(528)
calls=2 -13 
* 73
+1 6
+4 4

fl=(80)
fn=(302)
52 8
+6 3
+14 1
fi=(82) /build/glibc-bfm8X4/glibc-2.23/csu/../sysdeps/unix/sysv/linux/x86_64/init-first.c
-36 1
fe=(80)
+34 1
+1 1
fi=(82)
-35 3
fe=(80)
+36 1
fi=(82)
-36 3
fi=(81) /build/glibc-bfm8X4/glibc-2.23/csu/../sysdeps/generic/dl-hash.h
+12 3
+14 4
-17 3
+3 9
+14 12
-17 9
fi=(82)
-9 3
+2 2
-2 1
+2 2
cfi=(51)
cfn=(188)
calls=1 -11 
* 6
+1 2
+5 2
-3 2
+1 1
+2 1
cfi=(51)
cfn=(188)
calls=1 -17 
* 6
fe=(80)
+42 3
fi=(82)
-41 2
+1 1
fe=(80)
+40 1
cfi=(83) /build/glibc-bfm8X4/glibc-2.23/misc/init-misc.c
cfn=(308) __init_misc
calls=1 -55 
* 48
+8 1
cfi=(85) /build/glibc-bfm8X4/glibc-2.23/ctype/ctype-info.c
cfn=(312) __ctype_init
calls=1 -63 
* 16
+5 6
-34 1
-7 1
+7 4
fi=(82)
-25 2
fe=(80)

fl=(83)
fn=(308)
31 2
-1 3
+1 4
+2 3
cfi=(84)
cfn=(310)
calls=1 -9 
* 24
+4 5
+1 3
+2 4

fl=(150)
fn=(594)
145 3
+1 4
+18 4

fl=(135)
fn=(556) hack_digit
169 27
+3 39
+2 36
+8 9
+21 9
cfi=(140)
cfn=(552)
calls=3 32 
* 60
+1 6
+1 10
+4 15
-23 18
cfi=(146) /build/glibc-bfm8X4/glibc-2.23/stdlib/divrem.c
cfn=(568) __mpn_divrem
calls=3 46 
* 114
+2 12
+3 3
-2 3
+3 3
-1 3
+1 18
-16 12
+1 6
-1 6
+1 12
-1 6
+1 6
cfi=(140)
cfn=(552)
calls=6 32 
* 220
* 6
+32 42

fn=(542) __printf_fp_l
215 40
+39 4
-39 4
+30 4
+16 4
-7 12
+10 4
-10 8
+10 4
fi=(136) /build/glibc-bfm8X4/glibc-2.23/stdio-common/../include/../locale/localeinfo.h
+42 12
fe=(135)
-39 8
+18 12
+33 4
-2 8
+16 4
+2 4
-2 4
+46 4
+3 8
+14 16
+16 32
cfi=(137)
cfn=(546)
calls=4 37 
* 80
+4 4
-4 4
+4 8
+36 4
+12 4
-9 36
+1 20
+1 8
+1 8
-2 4
+1 4
-1 4
+2 4
+7 4
-8 4
+1 4
+7 4
638 6
822 8
-10 4
+10 4
-10 4
+10 8
+2 4
-2 4
+2 4
+10 8
+20 12
+1 12
+1 6
+14 4
+6 3
+3 5
+3 1
-61 1
+61 2
-3 15
+3 3
-61 3
+61 6
+14 28
+7 4
fi=(158) /build/glibc-bfm8X4/glibc-2.23/stdio-common/../sysdeps/pthread/allocalim.h
29 8
fe=(135)
913 28
+4 4
-3 8
+3 14
+3 16
-6 32
+9 12
cfn=(556)
calls=4 169 
* 301
* 3
cfn=(556)
calls=1 169 
* 110
-3 5
+3 5
-3 25
+7 20
+2 8
-4 4
+4 8
+12 12
+1 28
+1 92
+1 84
172 19
946 19
172 68
+2 57
+8 12
+21 12
cfi=(140)
cfn=(552)
calls=4 32 
* 80
+1 8
+1 10
947 2
+1 2
+2 4
-3 17
+1 17
+2 34
1250 36
473 3
+16 2
248 9
524 2
-1 2
+1 6
-1 2
+1 4
cfi=(144) /build/glibc-bfm8X4/glibc-2.23/string/../sysdeps/x86_64/multiarch/../memcpy.S
cfn=(564) __GI_memcpy
calls=2 61 
* 46
* 2
+16 7
+11 1
-2 1
+2 14
-2 12
+2 36
-57 12
+4 60
-4 1
+4 5
+2 4
-65 38
186 24
cfi=(146)
cfn=(568)
calls=4 46 
* 151
+2 16
+3 4
-2 4
+3 4
-1 4
+1 24
-16 30
+1 15
-1 15
+1 30
-1 15
+1 15
cfi=(140)
cfn=(552)
calls=15 32 
* 550
* 75
944 15
+15 20
+1 12
cfn=(556)
calls=4 169 
* 290
+2 16
+1 4
-1 4
fi=(142) /build/glibc-bfm8X4/glibc-2.23/stdio-common/../sysdeps/generic/get-rounding-mode.h
94 4
+1 20
fe=(135)
1078 8
+3 6
-1 6
-2 33
+7 10
+1 4
+2 8
+13 12
+2 24
+20 3
-1 3
+1 3
+4 3
-4 3
+4 3
+14 9
+6 24
+2 24
+2 4
-2 4
+2 16
+96 16
540 6
cfi=(145) /build/glibc-bfm8X4/glibc-2.23/stdlib/cmp.c
cfn=(566) __mpn_cmp
calls=2 35 
* 22
* 7
+3 5
cfi=(144)
cfn=(564)
calls=1 61 
* 23
+1 3
+1 3
+1 1
-2 1
+1 1
+1 2
-1 1
+1 2
+6 1
+6 1
-6 1
+6 1
+4 7
+35 6
+16 1
+2 1
-2 2
+2 1
-2 2
cfi=(141)
cfn=(554)
calls=1 29 
* 17
+16 3
-1 1
+1 4
cfi=(141)
cfn=(554)
calls=1 29 
* 17
+4 7
-1 2
964 3
+3 1
-4 1
+4 1
+5 1
-1 1
+1 5
248 4
1154 8
+7 16
+9 12
+7 4
+3 4
-3 12
+5 8
cfi=(101)
cfn=(412)
calls=4 66 
* 64
* 4
+2 12
+5 12
+2 4
-2 4
+2 4
-2 4
+2 4
+18 52
+3 60
+3 60
-6 99
+1 99
+1 12
cfi=(134)
cfn=(538)
calls=3 61 
* 54
* 3
fi=(142)
95 8
fi=(143) /build/glibc-bfm8X4/glibc-2.23/stdio-common/../include/rounding-mode.h
-43 16
fe=(135)
855 3
+14 1
-1 1
+1 2
1156 12
859 3
+4 3
-4 3
+3 9
+2 12
1132 9
984 6
+5 12
+2 5
-2 10
+3 5
-3 22
+5 3
+4 2
+11 6
+4 3
+2 1
-2 1
+2 6
+1 1
-1 3
+9 2
+3 1
-1 2
+1 3
+5 2
+36 6
594 3
854 8
481 15
cfi=(138) /build/glibc-bfm8X4/glibc-2.23/stdlib/../sysdeps/x86_64/lshift.S
cfn=(548) __mpn_lshift
calls=1 29 
* 15
+4 9
+1 1
-1 1
+1 1
+1 5
646 12
cfi=(138)
cfn=(548)
calls=3 29 
* 45
+1 3
+4 3
-8 3
+28 3
-30 3
+30 3
-24 3
+4 3
-4 9
+52 3
-57 3
+8 3
+1 3
+20 3
+28 6
-43 3
+2 6
-2 31
+2 62
+7 10
+1 10
-1 15
+9 15
+1 10
+3 10
+1 10
+8 5
-8 5
-1 5
+1 5
-1 5
+1 5
-1 5
+1 5
-1 5
+1 10
+8 15
+22 12
+9 10
-1 5
+1 10
+5 15
-6 5
+6 5
+3 15
+34 4
cfi=(141)
cfn=(554)
calls=2 29 
* 34
+3 10
+7 134
+24 9
671 25
cfi=(139)
cfn=(550)
calls=5 48 
* 340
* 5
+5 15
+13 2
+4 2
-2 1
+2 2
+16 1
-16 1
+16 2
+1 2
1239 12
+7 8
967 28
1219 8
+17 20
-78 8
994 3
+5 6
-71 20
772 8
+4 10
cfi=(140)
cfn=(552)
calls=2 32 
* 78
+1 2
+3 4
+1 2
-4 2
+3 2
+1 8
+2 10
cfi=(138)
cfn=(548)
calls=2 29 
* 46
+2 4
+1 10
+4 2
+1 2
-1 4
1236 391
cfi=(128)
cfn=(562) __overflow
calls=33 230 
* 1287
* 66
-34 24
750 6
-23 10
+10 5
-3 10
+3 15
+6 9
cfi=(138)
cfn=(548)
calls=3 29 
* 57
+2 9
+1 3
-1 3
+1 6
1159 16
999 2
566 2
+2 1
-2 1
+2 10
1185 8

fn=(540)
1257 4
-1 4
+1 16
cfn=(542)
calls=4 215 
* 7950

fl=(140)
fn=(552)
32 35
+3 35
+1 35
+1 35
+1 35
+1 35
+2 35
+1 35
+2 35
+1 35
+1 35
+1 35
+1 23
+2 7
+1 7
+1 7
+1 7
+19 16
+1 16
+1 16
+1 16
+1 16
+1 16
+2 12
+1 12
+1 12
+1 12
+1 12
+1 12
+1 12
+1 12
+1 12
+17 16
+1 16
+1 16
+1 16
+1 16
+1 16
+1 16
+1 16
+1 16
+1 16
+1 16
+1 16
-2 12
+1 12
+1 12
+2 28
+1 28
+1 28
+1 28
+1 28
+1 28
+2 28
+3 28
-5 7
+2 7
+3 7

fl=(77)
fn=(288)
85 6
+2 2
-2 1
+2 4
-41 2
+7 2
+1 3
+19 3
+18 1
-17 1
+1 1
+16 2
+3 1
+1 1
+1 1
+1 2
+18 2
+1 6
-13 4
+2 2
+1 2
-1 1
+1 3

fl=(147)
fn=(572)
84 4
cfn=(574) __write_nocancel
calls=2 * 
* 10

fn=(574)
84 10

fl=(153)
fn=(620)
28 16
+8 4
+3 8
+1 12
+5 4
-6 8
+82 12

fl=(100) /build/glibc-bfm8X4/glibc-2.23/stdlib/getenv.c
fn=(410) getenv
34 8
+1 1
cfi=(101)
cfn=(412)
calls=1 +31 
* 16
* 1
+4 7
+3 2
+49 9
-24 1
+6 1
+2 1
-3 1
+3 130
+9 64

fl=(145)
fn=(566)
35 4
+2 2
+1 2
+1 4
+8 10

fl=(130)
fn=(522)
34 1
-1 1
+1 1
+1 6
+4 1

fl=(94) /build/glibc-bfm8X4/glibc-2.23/setjmp/../sysdeps/x86_64/bsd-_setjmp.S
fn=(390) _setjmp
30 1
+2 1
cfi=(95) /build/glibc-bfm8X4/glibc-2.23/setjmp/../sysdeps/x86_64/setjmp.S
cfn=(392) __sigsetjmp
calls=1 -6 
* 28

fl=(109) /build/glibc-bfm8X4/glibc-2.23/misc/../sysdeps/unix/sysv/linux/wordsize-64/mmap.c
fn=(446) mmap
33 7
-1 70
+1 21
+1 70
+2 49
-3 14

fl=(119)
fn=(490)
27 200
+1 200
+1 200
+1 200
+1 200
+1 200
+1 200
+1 200
+1 200
+1 200
+1 200
+1 200
+1 200
+1 200
+2 200
+1 200
+4 200
+1 200
+1 200
+1 200
+1 200
+1 200
+1 200
+1 200
+1 200
+1 200
+1 200
+1 200
+1 200
+1 200
+1 200
+1 200
+1 200
+1 200
+1 200
+1 200
+1 200
+1 200
+1 200
+1 200
+1 200
+1 200
+1 200
+1 200
+1 200
+1 200
+4 200
+1 200
+1 200
+1 200
+1 200
+1 200
+1 200
+1 200
+1 200
+1 200
+1 200
-10 24999600
+1 24999600
+1 24999600
+1 24999600
+1 24999600
+1 24999600
+1 24999600
+1 24999600
+1 24999600
+1 24999600
+1 24999600
+1 200

fl=(95)
fn=(392)
26 1
+9 1
+1 2
+1 1
+4 1
+1 1
+1 1
+1 1
+1 1
+2 2
+2 1
+1 1
+1 1
+2 2
+2 1
+9 1
cfi=(96) /build/glibc-bfm8X4/glibc-2.23/setjmp/sigjmp.c
cfn=(394) __sigjmp_save
calls=1 -36 
* 9

fl=(117)
fn=(478)
65 4
+1 2

fn=(586) munmap
84 28
+1 7

fl=(138)
fn=(548)
29 9
+1 9
+2 9
+1 9
+1 9
+12 9
+1 9
+1 4
+1 4
+1 4
+1 4
+1 4
+6 4
+1 4
+1 4
+3 5
+1 3
+1 3
+1 3
+1 3
+1 3
+1 3
+5 3
+1 3
+1 3
+1 3
+1 3
+4 2
+1 2
+1 2
+1 2
+1 2
+1 2
+1 2
+1 2
+20 2
+1 2
+1 2
+1 2
+1 2
+1 2
+1 2

fl=(144)
fn=(564)
61 3
+2 3
+2 3
+3 3
+1 3
+11 3
+1 3
+11 3
+1 3
+11 3
+1 3
+11 3
+1 6
+5 3
+1 3
+1 3
+1 3
+2 3
+2 3
+1 3
+2 3
+8 3

fl=(96)
fn=(394)
28 1
+1 1
-1 2
+1 2
+5 3

fl=(110)
fn=(448)
53 2
+1 2
+1 2
+1 2
+1 2
+2 2
+1 2
+17 2
+1 2
+1 2
+1 2
+1 2
+1 2
+1 2
+1 2
+1 2
+1 2
+1 2
+1 2
+1 2
+1 4
+3 2
+1 2
+1 2
+1 2
+1 2
+1 2
+1 2
-6 249996
+1 249996
+1 249996
+1 249996
+1 249996
+1 249996
+1 249996
+1 2

fl=(146)
fn=(568)
46 56
+3 14
+13 7
+1 7
-16 7
+18 14
+6 14
+1 24
+1 5
-1 10
+1 10
-1 10
+4 14
+3 7
234 7
81 7
234 49
67 1
+1 2

fl=(93) /build/glibc-bfm8X4/glibc-2.23/stdlib/cxa_atexit.c
fn=(372) __cxa_atexit
57 5
-22 1
+22 1
-22 1
cfn=(374) __new_exitfn
calls=1 +38 
* 38
+2 2
+4 1
+3 1
+1 1
-4 2
+2 1
+4 1
+1 1
+11 4

fn=(374)
73 2
+6 1
-6 1
+6 1
-6 1
+6 4
+2 6
+2 3
-2 1
+10 2
-10 2
+45 1
+1 1
+3 4
+3 5
-21 1
+1 2

fl=(103) /build/glibc-bfm8X4/glibc-2.23/malloc/hooks.c
fn=(420) malloc_hook_ini
29 4
fi=(104)
260 1
fe=(103)
30 1
fi=(104)
260 1
fe=(103)
30 1
fi=(104)
260 1
fi=(102)
2911 7
+2 3
cfn=(440) _int_malloc
calls=1 3349 
* 892
+3 1
-3 1
+3 1
+8 4
+2 6
fe=(103)
33 4
fi=(102)
2911 6
+12 1
cfi=(104)
cfn=(424)
calls=1 258 
* 58293
* 1
-15 2
fe=(103)

fl=(102)
fn=(418)
3172 3
+15 3
-15 9
+10 3
+5 6
-15 3
+10 3
+5 6
+8 6
+1 6
+12 14
+6 2
+8 2
-7 4
+7 4
+14 6
cfn=(440)
calls=2 3349 
* 478
+3 2
-3 2
+3 8
+10 4
+1 8
+3 4
+6 6
+2 8
+50 12
3208 12
3311 5
-25 1
cfi=(110)
cfn=(448)
calls=1 53 
* 875016
-87 3
cfi=(103)
cfn=(420)
calls=1 29 
* 59231
+4 1
-3 1
+3 2
-3 1

fn=(440)
3349 24
-30 16
+30 8
-30 32
+30 24
-30 8
+30 24
+4 24
+14 16
+37 16
+44 60
+1 16
+1 2
cfn=(442) malloc_consolidate
calls=1 4144 
* 651
3819 112
-2 8
+2 8
-2 8
+2 16
5002 8
3817 8
+2 8
5004 8
3819 8
5004 8
3819 24
5004 16
3819 32
5002 16
3469 40
3833 72
3603 16
+73 16
+1 16
+1 16
+1 16
+1 16
+5 16
+4 24
+3 4
-3 3
3792 8
+3 8
-2 16
+2 16
+17 16
3605 24
+3 8
-3 8
+3 24
3448 3
1879 32
3448 112
3827 24
cfn=(444) sysmalloc
calls=8 2268 
* 928
+1 16

fn=(444)
2268 64
+20 8
+11 8
-11 8
+11 8
+1 26
fi=(104)
488 3
fe=(102)
2315 5
+65 1
+1 3
+10 1
-9 1
+9 5
+6 4
+3 3
2723 2
+1 1
+8 4
+5 1
-3 1
+3 1
-2 1
+2 3
+1 1
-1 1
-1 1
+4 1
-3 2
+1 1
+8 72
2301 21
+14 28
+6 14
+19 21
+15 21
+5 21
+1 35
+3 21
+1 35
+98 1
-8 4
+8 1
+21 5
cfi=(131)
cfn=(526)
calls=1 46 
* 62
* 1
+1 1
+3 4
+3 2
+1 2
+20 2
+26 2
+2 2
+6 1
-6 1
+6 1
2321 1
2464 1
+10 5
+8 1
-8 1
+8 1
+67 7
+37 2
+6 3
+19 1
+3 2
+1 5
+2 1
-2 1
+2 1
+1 3
cfi=(131)
cfn=(526)
calls=1 46 
* 25
+12 2
+8 1
+1 1
-1 2
+1 2
+39 1
+1 1
-2 1
+1 3
+12 1
-12 1
+1 1
+11 1
2539 5
2323 49
cfi=(109)
cfn=(446)
calls=7 33 
* 231
+2 14

fn=(442)
4144 2
4996 4
1808 3
-3 2
+3 378
-3 252
+7 3
+5 1
+2 1
-2 2
-1 3

fn=(584)
2934 35
+5 14
+1 14
+6 14
+5 7
-2 7
+2 14
+3 21
+2 28
+2 7
+1 7
-1 7
+1 7
+1 14
2833 14
+1 7
+6 7
-7 7
+7 42
+7 7
+1 21
+5 14
cfi=(117)
cfn=(586)
calls=7 84 
* 35
2969 42

fn=(466)
2902 15
+5 10
+1 10
+3 40
+2 15
cfn=(440)
calls=5 3349 
* 1337
+3 5
-3 5
+3 5
+8 20
+2 35
+3 20
-18 30

fl=(129) /build/glibc-bfm8X4/glibc-2.23/libio/filedoalloc.c
fn=(518) _IO_file_doallocate
95 5
+15 6
cfi=(126)
cfn=(520)
calls=1 1229 
* 14
* 2
+2 4
+11 3
+4 2
cob=(2)
cfi=(16)
cfn=(524) 0x000000000515a8a0
calls=1 0 
* 428
* 1
+2 1
-1 2
+2 4
cfi=(128)
cfn=(532) _IO_setb
calls=1 380 
* 18
+1 1
+1 5
-15 1
-2 9
+5 2

fl=(127)
fn=(512)
168 4
+2 2
+9 38
+9 2

fl=(99)
fn=(406) _getopt_internal
1169 1
+3 3
+1 3
+2 5
cfn=(408) _getopt_internal_r
calls=1 394 
* 334
+4 1
+1 1
-1 1
+1 2
+1 3
+2 2
+1 2

fn=(408)
394 9
+3 1
-3 4
+1 1
-1 1
+1 1
+2 1
+5 2
-2 1
+2 2
282 1
-4 2
+2 1
+2 1
cfi=(100)
cfn=(410)
calls=1 34 
* 242
* 1
+4 1
-4 4
+4 3
+5 2
+6 5
408 2
+5 1
+14 1
-14 2
+14 1
-14 1
+14 1
-25 3
+31 3
+2 3
+3 2
+45 2
1163 1
485 1
1163 7
443 3
+2 2
+7 4
+10 1
-8 1
+8 4
-16 2

fn=(404)
1188 1
+1 5
cfn=(406)
calls=1 -20 
* 358
+4 2

fl=(48)
fn=(182)
109 1
+1 1
+1 1
+1 1
+1 1
+1 1
+1 1
+1 1
+1 1
+5 1

fn=(192)
129 1
+1 1
+1 1
+1 1
+1 1
+1 1
+1 1
+1 1
+1 1
+5 1

fl=(128)
fn=(686)
948 2
+3 1
-3 2
-50 1
+50 1
+3 1
cfn=(688) _IO_flush_all_lockp
calls=1 760 
* 90
-63 1
+63 1
-63 2
+10 3
+8 5
+2 2
+2 1
+1 1
-1 1
+2 2
+3 5
cfi=(126)
cfn=(690)
calls=1 450 
* 66
+2 3
+4 2
+7 3
-40 9
+2 6
+2 7
+6 12
+65 7
-42 3
+1 8

fn=(692)
522 4
+1 1
-1 2
+1 1
cfi=(126)
cfn=(694)
calls=1 868 
* 13
* 2
+9 1
-7 1
+7 1
-7 1
388 1
-5 1
+1 1
+4 1
535 1
+2 1
-2 2
+1 3
+2 4
381 1
527 1
+1 1
-1 1
+1 1
381 4

fn=(562)
230 99
+2 99
cfi=(126)
cfn=(514)
calls=33 808 
* 1089

fn=(688)
760 8
+6 3
+11 2
+16 2
-17 2
-1 2
+1 3
-1 1
+1 1
+3 9
+10 6
+4 3
-2 3
+2 6
+7 3
-27 6
+31 2
+2 2
+4 9
-38 1
-6 1
+5 1
+2 2
+6 12

fn=(532)
380 3
+1 4
+3 1
+2 4
-3 1
+3 2
+3 3

fn=(536)
425 2
-3 10
+8 16
+25 23
cfi=(126)
cfn=(514)
calls=3 808 
* 99
* 6
+2 3
-2 6
+4 1
+1 1
-1 1
+1 5

fn=(516)
395 2
-1 3
+3 4
+1 3
cfi=(129)
cfn=(518)
calls=1 95 
* 508
* 2
+3 4

fl=(52)
fn=(190)
45 1
+1 1
+1 1
+1 1
+1 1
+1 1

fn=(194)
45 1
+1 1
+1 1
+1 1
+1 1
+1 1

fl=(54)
fn=(198)
37 1
-1 1
+1 6
fi=(50)
+11 3
+14 4
-17 3
+3 9
+14 12
-17 9
fe=(54)
-8 3
+3 2
-3 1
+3 1
cfi=(51)
cfn=(188)
calls=1 -13 
* 6
+1 3
+1 2

fl=(92)
fn=(370)
134 7
+4 1
-4 3
+4 3
+82 1
-82 1
+82 1
+1 4
cfi=(93)
cfn=(372)
calls=1 57 
* 60
+22 4
+3 2
+1 5
cob=(8)
cfi=(91)
cfn=(376)
calls=1 0 
* 56
+4 4
+15 2
+12 2
cfi=(94)
cfn=(390)
calls=1 30 
* 30
+1 2
+5 2
+1 2
+3 2
+3 6
cob=(8)
cfi=(97)
cfn=(396)
calls=1 +54 
* 14311237918
+34 2
cfi=(149)
cfn=(590)
calls=1 104 
* 2210
138 2

fl=(85)
fn=(312)
31 5
+2 1
+2 1
-4 1
+4 1
-4 1
+2 3
+2 3

ob=(2)
fl=(16)
fn=(524)
0 1
cob=(3)
cfi=(102)
cfn=(466)
calls=1 2902 
0 427

fn=(666)
0 3

fn=(656)
0 1
cob=(3)
cfi=(152)
cfn=(618)
calls=1 31 
0 62

fn=(248)
0 2
cob=(5)
cfi=(68)
cfn=(250)
calls=1 301 
0 4594
0 2

fn=(348)
0 6

fn=(378)
0 6

fn=(84)
0 1
cob=(1)
cfi=(17)
cfn=(86)
calls=1 120 
0 6

fn=(608)
0 3

fn=(648)
0 3

fn=(278)
0 1
cob=(3)
cfi=(75)
cfn=(280)
calls=1 48 
0 3

fn=(324)
0 6

fn=(336)
0 6

fn=(638)
0 1
cob=(3)
cfi=(152)
cfn=(618)
calls=1 31 
0 62

fn=(630)
0 3

fn=(684)
0 3

fn=(616)
0 1
cob=(3)
cfi=(152)
cfn=(618)
calls=1 31 
0 62

fn=(674)
0 1
cob=(3)
cfi=(152)
cfn=(618)
calls=1 31 
0 62

totals: 14311416732
